3,3,7,5,5,10,5,5,10,5,2,9,5,4,9,5,4,1,0,no,0010118041635
3,3,10,10,5,5,10,5,10,10,5,8.3333333333333,10,5,8.3333333333333,10,5,0.01,0,no,0021118040982
2,2,0,0,0,10,5,5,10,5,7,10,5,6,6.6666666666667,3.3333333333333,4,1,0,no,001010910582
3,3,10,5,10,0,5,10,0,5,7,3.3333333333333,5,9,3.3333333333333,5,9,1,0,no,0010118041846
3,3,10,5,10,10,5,10,10,5,10,10,5,10,10,5,10,1,0,no,0010118010098
3,1,0,0,0,0,0,0,10,10,10,10,10,10,3.3333333333333,3.3333333333333,3.3333333333333,1,0,no,0010118040579
3,3,10,7,5,10,7,5,10,7,5,10,7,5,10,7,5,0,0,no,0010118041160
3,3,10,5,10,7,5,10,10,5,7,9,5,9,9,5,9,1,0,no,0021118041598
3,1,0,0,0,0,0,0,10,5,5,10,5,5,3.3333333333333,1.6666666666667,1.6666666666667,0.06,0,no,001011001947
3,3,10,10,5,10,10,5,10,10,5,10,10,5,10,10,5,1,0,no,0029118051093
3,3,10,10,5,10,10,5,10,10,5,10,10,5,10,10,5,1,0,no,0029118033579
3,3,10,10,5,10,10,5,10,10,5,10,10,5,10,10,5,1,0,no,0023118033831
3,3,10,10,5,10,10,5,10,10,5,10,10,5,10,10,5,1,0,no,0371118040420
2,2,0,0,0,10,5,7,10,5,7,10,5,7,6.6666666666667,3.3333333333333,4.6666666666667,1,0,no,0010118032050
3,3,7,5,5,10,7,7,10,10,7,9,7.3333333333333,6.3333333333333,9,7.3333333333333,6.3333333333333,1,0,no,0010118051046
3,3,10,10,5,10,10,5,10,10,5,10,10,5,10,10,5,1,0,no,0020118060390
3,3,10,5,5,10,7,5,10,10,5,10,7.3333333333333,5,10,7.3333333333333,5,0.9,0,no,0027114111083
3,3,10,7,7,10,7,7,10,7,7,10,7,7,10,7,7,1,0,no,001011231169
3,3,5,5,7,10,5,5,5,5,5,6.6666666666667,5,5.6666666666667,6.6666666666667,5,5.6666666666667,1,0,no,0010117120243
3,3,10,5,7,10,5,10,10,5,10,10,5,9,10,5,9,1,0,no,0010116123640
3,3,10,5,7,10,5,7,10,5,7,10,5,7,10,5,7,1,0,no,0010115072153
2,2,0,0,0,10,5,7,10,5,7,10,5,7,6.6666666666667,3.3333333333333,4.6666666666667,1,0,no,0010118041884
3,3,10,5,5,10,5,5,10,5,5,10,5,5,10,5,5,0.93,0,no,0010115050295
3,3,7,7,5,10,10,5,10,10,5,9,9,5,9,9,5,1,0,no,0020116071856
3,3,10,5,10,10,5,10,10,5,10,10,5,10,10,5,10,1,0,no,0021118041704
3,3,10,7,7,10,7,7,10,7,7,10,7,7,10,7,7,1,0,no,0010115050954
3,3,10,10,5,5,10,5,5,10,5,6.6666666666667,10,5,6.6666666666667,10,5,1,0,no,0592118033408
3,3,10,10,10,7,10,7,7,10,7,8,10,8,8,10,8,0.99,0,no,0020118051066
3,3,10,10,5,10,10,5,10,10,5,10,10,5,10,10,5,1,0,no,0023118040366
3,3,10,5,7,10,5,10,10,5,10,10,5,9,10,5,9,0.07,0,no,0021118020248
3,3,10,10,10,7,10,10,10,10,10,9,10,10,9,10,10,1,0,no,0010115103484
3,1,0,0,0,0,0,0,10,10,10,10,10,10,3.3333333333333,3.3333333333333,3.3333333333333,1,0,no,0028118060556
3,3,10,5,7,10,5,7,10,5,7,10,5,7,10,5,7,0.92,0,no,0010118021004
3,2,0,0,0,5,2,5,5,2,5,5,2,5,3.3333333333333,1.3333333333333,3.3333333333333,0.01,0,no,0023116060132
3,3,10,10,5,10,10,5,10,10,5,10,10,5,10,10,5,1,0,no,0021118050243
3,3,5,10,5,5,10,5,5,10,5,5,10,5,5,10,5,0.01,0,no,0021118041881
3,3,10,10,5,10,10,5,10,10,5,10,10,5,10,10,5,1,0,no,0755118041641
3,2,10,5,5,10,10,5,0,0,0,10,7.5,5,6.6666666666667,5,3.3333333333333,1,0,no,0029118040859
3,3,7,7,5,7,7,5,7,10,5,7,8,5,7,8,5,1,0,no,0020118041382
3,3,10,10,5,10,10,5,10,10,5,10,10,5,10,10,5,1,0,no,0028118040427
3,3,10,7,5,10,7,5,10,7,5,10,7,5,10,7,5,1,0,no,0027118050087
3,3,10,5,10,10,5,10,10,5,10,10,5,10,10,5,10,1,0,no,0010116090273
3,3,10,7,5,5,7,5,10,7,5,8.3333333333333,7,5,8.3333333333333,7,5,1,0,no,0027118050604
3,3,10,7,5,10,7,5,10,7,5,10,7,5,10,7,5,1,0,no,0029118041986
3,3,10,5,10,10,5,10,7,5,10,9,5,10,9,5,10,1,0,no,0025117070092
2,2,0,0,0,10,5,7,10,5,7,10,5,7,6.6666666666667,3.3333333333333,4.6666666666667,1,0,no,0010118041764
3,3,10,10,7,10,10,7,10,10,7,10,10,7,10,10,7,1,0,no,0010116021534
3,3,10,10,5,10,10,5,10,10,5,10,10,5,10,10,5,1,0,no,0010116012442
3,3,10,5,10,10,5,7,10,5,10,10,5,9,10,5,9,1,0,no,0010118033601
3,3,10,5,10,10,5,10,10,5,10,10,5,10,10,5,10,1,0,no,0021118041920
3,3,7,10,5,10,10,5,7,10,5,8,10,5,8,10,5,1,0,no,0020116050531
3,3,5,10,5,5,10,5,10,10,5,6.6666666666667,10,5,6.6666666666667,10,5,1,0,no,0755117100223
3,3,10,5,7,10,5,7,10,5,7,10,5,7,10,5,7,1,0,no,0010116074756
3,3,10,10,7,10,10,7,10,10,7,10,10,7,10,10,7,1,0,no,0010118041496
3,3,10,5,10,10,5,10,10,5,10,10,5,10,10,5,10,1,0,no,0010118041935
3,3,10,5,10,10,5,10,10,5,10,10,5,10,10,5,10,1,0,no,0010118050801
3,3,10,5,5,10,10,5,10,10,5,10,8.3333333333333,5,10,8.3333333333333,5,1,0,no,0021116070365
1,0,0,0,0,0,0,0,0,0,0,0,0,0,0,0,0,0.9,0,no,0025118032891
3,3,7,5,10,7,5,10,10,5,7,8,5,9,8,5,9,1,0,no,0010116042850
3,3,10,10,5,10,10,5,10,10,5,10,10,5,10,10,5,1,0,no,0027116070962
3,3,10,5,10,10,5,10,10,5,10,10,5,10,10,5,10,1,0,no,0010118040431
3,3,10,5,7,10,5,10,10,5,7,10,5,8,10,5,8,1,0,no,0010118040881
3,3,10,7,5,10,7,5,10,7,5,10,7,5,10,7,5,1,0,no,0029117100512
3,3,10,10,5,10,10,5,10,10,5,10,10,5,10,10,5,1,0,no,0755118033902
3,2,10,10,5,0,0,0,10,10,5,10,10,5,6.6666666666667,6.6666666666667,3.3333333333333,1,0,no,0021118041462
3,3,10,5,7,7,5,10,7,5,10,8,5,9,8,5,9,1.04,0,no,0010118010515
3,3,10,10,10,10,10,10,10,10,10,10,10,10,10,10,10,0.96,0,no,0010117031824
3,3,10,5,7,10,5,7,10,5,7,10,5,7,10,5,7,1,0,no,0021118041521
3,3,5,10,5,5,10,5,10,10,5,6.6666666666667,10,5,6.6666666666667,10,5,1,0,no,0020116110404
3,3,10,5,7,10,5,7,10,5,7,10,5,7,10,5,7,1,0,no,0010116081622
3,3,10,5,5,10,5,5,10,5,5,10,5,5,10,5,5,1,0,no,0023116090989
3,2,10,10,5,10,10,5,0,0,0,10,10,5,6.6666666666667,6.6666666666667,3.3333333333333,0.01,0,no,0021118041833
3,3,10,10,5,10,10,5,10,10,5,10,10,5,10,10,5,1,0,no,0020116075401
3,3,10,10,5,10,10,5,10,10,5,10,10,5,10,10,5,1,0,no,0755118040832
2,3,10,5,10,10,5,10,10,5,10,10,5,10,10,5,10,0,0,no,0021118042004
3,3,10,10,5,10,10,5,10,10,5,10,10,5,10,10,5,1,0,no,0371118022102
3,3,10,5,5,5,5,7,10,5,7,8.3333333333333,5,6.3333333333333,8.3333333333333,5,6.3333333333333,1,0,no,0010118041038
3,3,10,7,7,10,7,7,7,5,7,9,6.3333333333333,7,9,6.3333333333333,7,1,0,no,0010118033566
3,3,10,10,5,10,10,5,10,10,5,10,10,5,10,10,5,1,0,no,0571118041093
3,3,10,5,10,2,5,10,7,5,10,6.3333333333333,5,10,6.3333333333333,5,10,1,0,no,0021118041067
3,3,10,10,7,10,10,10,10,10,10,10,10,9,10,10,9,0.02,0,no,0010117030612
3,3,10,5,7,10,5,10,10,5,10,10,5,9,10,5,9,1,0,no,0021117080040
3,3,10,5,7,10,5,7,10,5,7,10,5,7,10,5,7,1,0,no,0010117010183
2,3,10,5,10,10,5,10,10,5,10,10,5,10,10,5,10,1,0,no,0010117051654
3,3,10,10,10,10,10,10,10,10,10,10,10,10,10,10,10,1,0,no,0010117010531
3,3,10,5,10,10,5,10,10,5,10,10,5,10,10,5,10,1,0,no,0010118041851
3,2,0,0,0,10,5,10,10,5,10,10,5,10,6.6666666666667,3.3333333333333,6.6666666666667,1,0,no,0021118040601
3,3,10,5,7,10,5,7,10,5,10,10,5,8,10,5,8,0.02,0,no,0010117020237
3,2,0,0,0,10,10,5,7,10,5,8.5,10,5,5.6666666666667,6.6666666666667,3.3333333333333,1,0,no,0028116095520
3,3,10,10,5,10,10,5,10,10,5,10,10,5,10,10,5,1,0,no,0571116102971
3,3,10,7,5,10,7,5,10,7,5,10,7,5,10,7,5,1,0,no,0755118041580
3,3,10,10,5,10,10,5,10,10,5,10,10,5,10,10,5,1,0,no,0755118041659
3,3,10,10,7,10,10,7,10,10,7,10,10,7,10,10,7,1,0,no,0010118020148
3,3,10,7,5,10,10,7,10,10,7,10,9,6.3333333333333,10,9,6.3333333333333,1,0,no,0010117090290
3,3,10,5,10,10,5,10,10,5,10,10,5,10,10,5,10,1,0,no,0021118040847
3,3,10,5,5,10,5,5,10,7,5,10,5.6666666666667,5,10,5.6666666666667,5,1,0,no,0027118041061
3,3,10,5,7,10,5,10,10,5,10,10,5,9,10,5,9,1,0,no,0021117040006
1,0,0,0,0,0,0,0,0,0,0,0,0,0,0,0,0,1,0,no,0028118042008
2,3,10,10,10,5,10,7,10,10,7,8.3333333333333,10,8,8.3333333333333,10,8,1,0,no,0028117030366
3,3,10,5,10,10,5,10,10,5,10,10,5,10,10,5,10,1,0,no,0021117111832
3,2,0,0,0,2,10,5,7,10,5,4.5,10,5,3,6.6666666666667,3.3333333333333,1,0,no,0755117042886
3,3,10,10,5,10,10,5,10,10,5,10,10,5,10,10,5,1,0,no,0027118041945
3,2,10,10,5,0,0,0,10,10,5,10,10,5,6.6666666666667,6.6666666666667,3.3333333333333,1,0,no,0028118011217
3,3,10,5,10,10,5,10,10,5,10,10,5,10,10,5,10,1,0,no,0010116124103
3,3,10,7,5,10,10,5,10,10,5,10,9,5,10,9,5,1,0,no,0020118060427
3,3,10,10,5,10,10,5,10,10,5,10,10,5,10,10,5,0.69,0,no,0025117022229
3,3,10,5,5,10,5,5,7,5,5,9,5,5,9,5,5,1,0,no,0571117090038
3,3,10,10,5,10,10,5,10,10,5,10,10,5,10,10,5,1,0,no,0010118040565
3,3,10,10,10,10,10,10,10,10,10,10,10,10,10,10,10,1,0,no,0010118041540
3,3,10,7,5,10,7,5,10,7,5,10,7,5,10,7,5,1,0,no,0021117022426
3,3,10,5,10,10,5,10,10,5,10,10,5,10,10,5,10,1,0,no,0028117033107
3,3,10,7,7,7,7,7,7,7,7,8,7,7,8,7,7,1,0,no,0010117022624
3,3,10,10,10,10,10,10,10,10,10,10,10,10,10,10,10,1,0,no,0010117022663
3,3,10,10,5,10,10,5,10,10,5,10,10,5,10,10,5,0.9,0,no,0592118030660
1,0,0,0,0,0,0,0,0,0,0,0,0,0,0,0,0,1,0,no,0755118040777
3,3,10,5,10,10,5,10,10,5,10,10,5,10,10,5,10,1,0,no,0010117040778
3,3,10,10,5,10,10,5,10,10,5,10,10,5,10,10,5,0,0,no,0029118050791
3,3,10,5,10,10,5,10,10,5,10,10,5,10,10,5,10,1,0,no,0010118041617
3,3,10,5,10,10,5,10,10,5,10,10,5,10,10,5,10,1,0,no,0010117034019
3,3,7,10,5,7,10,5,7,10,5,7,10,5,7,10,5,1,0,no,0021118041862
3,3,10,5,5,7,5,5,7,5,2,8,5,4,8,5,4,1,0,no,0010117070184
3,3,10,5,10,10,5,10,10,5,10,10,5,10,10,5,10,1,0,no,0010117050478
3,3,10,10,10,10,10,10,10,10,10,10,10,10,10,10,10,1,0,no,0010118041212
3,2,0,0,0,10,10,5,10,10,5,10,10,5,6.6666666666667,6.6666666666667,3.3333333333333,0,0,out,0021118051158
3,3,0,10,5,0,10,5,0,10,5,0,10,5,0,10,5,1,0,no,0592118041868
3,3,10,10,5,10,10,5,2,7,5,7.3333333333333,9,5,7.3333333333333,9,5,1,0,no,0023118040145
3,3,10,5,10,10,5,10,10,5,10,10,5,10,10,5,10,1,0,no,0010117042125
2,2,5,7,5,10,7,5,0,0,0,7.5,7,5,5,4.6666666666667,3.3333333333333,0,0,out,0021117036425
2,3,10,5,10,7,5,10,10,5,10,9,5,10,9,5,10,1,0,no,0010117042179
3,3,2,10,5,7,10,5,2,10,5,3.6666666666667,10,5,3.6666666666667,10,5,0.17,0,no,0020118033720
3,3,10,5,7,5,5,7,7,5,5,7.3333333333333,5,6.3333333333333,7.3333333333333,5,6.3333333333333,1,0,no,0010118033819
3,3,10,5,10,10,5,10,10,5,10,10,5,10,10,5,10,1,0,no,0021118020957
3,3,10,5,7,7,5,10,10,5,10,9,5,9,9,5,9,1,0,no,0010117070039
3,3,7,10,5,10,7,5,7,10,5,8,9,5,8,9,5,0,0,no,0755117090264
3,3,10,5,10,10,5,10,10,5,10,10,5,10,10,5,10,1,0,no,0021118041739
3,3,10,10,10,10,10,10,10,10,10,10,10,10,10,10,10,1,0,no,0010117061254
3,3,10,5,7,10,5,7,10,5,7,10,5,7,10,5,7,1,0,no,0010117070223
3,3,10,10,5,10,10,5,10,10,5,10,10,5,10,10,5,1,0,no,0029118040570
3,3,10,5,7,10,5,7,10,5,7,10,5,7,10,5,7,1,0,no,0010118033700
3,3,10,5,7,10,5,10,10,5,7,10,5,8,10,5,8,1,0,no,0010118040924
3,3,10,5,10,10,5,10,10,5,10,10,5,10,10,5,10,1,0,no,0021118041033
3,3,10,10,10,10,10,10,10,10,10,10,10,10,10,10,10,1,0,no,0010117072486
3,3,10,5,10,10,5,10,10,5,10,10,5,10,10,5,10,1,0,no,0010118032014
3,3,10,10,10,10,10,10,10,10,10,10,10,10,10,10,10,0.87,0,no,0010118041005
3,3,10,10,5,10,10,5,10,10,5,10,10,5,10,10,5,0.99,0,no,0592118033176
3,3,10,10,5,5,10,5,10,10,5,8.3333333333333,10,5,8.3333333333333,10,5,1,0,no,0021117070884
3,3,10,5,10,10,5,10,10,5,10,10,5,10,10,5,10,1,0,no,0592117080248
3,3,10,5,7,10,5,7,10,5,10,10,5,8,10,5,8,1,0,no,0010117070610
3,3,10,5,7,10,5,10,10,5,5,10,5,7.3333333333333,10,5,7.3333333333333,0,0,no,0010117062310
3,3,10,5,10,10,5,10,10,5,10,10,5,10,10,5,10,1,0,no,0010117090516
3,3,10,7,5,10,7,7,7,7,5,9,7,5.6666666666667,9,7,5.6666666666667,1,0,no,0010117071151
3,3,10,10,5,10,10,5,10,10,5,10,10,5,10,10,5,1,0,no,0028118040430
3,3,10,5,10,10,5,10,10,5,10,10,5,10,10,5,10,1,0,no,0021118022291
2,2,0,0,0,10,5,7,10,5,10,10,5,8.5,6.6666666666667,3.3333333333333,5.6666666666667,1,0,no,0010118050775
3,3,10,5,5,10,5,5,10,5,7,10,5,5.6666666666667,10,5,5.6666666666667,1,0,no,0010117070649
3,3,10,5,7,10,5,10,10,5,10,10,5,9,10,5,9,1,0,no,0021118010296
3,3,10,7,5,10,7,5,10,10,5,10,8,5,10,8,5,0,0,no,0029118033027
3,3,10,5,7,10,5,10,10,5,10,10,5,9,10,5,9,1,0,no,0021118050534
3,3,10,10,5,10,10,5,10,10,5,10,10,5,10,10,5,1,0,no,0371118033865
3,2,10,10,5,0,0,0,10,10,5,10,10,5,6.6666666666667,6.6666666666667,3.3333333333333,1,0,no,0021117120592
3,3,10,7,10,10,7,10,10,7,7,10,7,9,10,7,9,1,0,no,0010118020041
3,3,10,5,5,10,5,7,10,5,7,10,5,6.3333333333333,10,5,6.3333333333333,1,0,no,0010117072689
3,3,10,10,5,10,10,5,10,10,5,10,10,5,10,10,5,1,0,no,0028118051139
3,3,10,10,5,10,10,5,10,10,5,10,10,5,10,10,5,1,0,no,0025118033478
3,3,10,10,10,10,10,10,10,10,10,10,10,10,10,10,10,1,0,no,0010118041662
3,3,5,10,5,10,10,5,10,10,5,8.3333333333333,10,5,8.3333333333333,10,5,1,0,no,0028117080578
3,2,0,0,0,10,10,5,10,10,5,10,10,5,6.6666666666667,6.6666666666667,3.3333333333333,1,0,no,0021118041949
3,3,10,10,10,10,10,10,10,10,10,10,10,10,10,10,10,1,0,no,0010117072673
3,3,10,5,7,10,5,7,5,7,7,8.3333333333333,5.6666666666667,7,8.3333333333333,5.6666666666667,7,1,0,no,0010117071802
3,3,7,5,5,10,5,5,10,5,5,9,5,5,9,5,5,1,0,no,0010117071723
3,3,10,10,5,10,10,5,10,10,5,10,10,5,10,10,5,0.91,0,no,0025117071794
3,3,10,10,7,10,10,7,10,10,7,10,10,7,10,10,7,1,0,no,0010117072203
2,3,10,10,7,7,10,7,10,10,7,9,10,7,9,10,7,0.02,0,no,0010117071920
3,3,10,7,5,10,10,5,10,10,5,10,9,5,10,9,5,1,0,no,0755117090541
3,3,10,5,10,10,5,10,10,5,10,10,5,10,10,5,10,1,0,no,0010117072014
3,3,5,10,10,10,10,10,10,10,10,8.3333333333333,10,10,8.3333333333333,10,10,1,0,no,0010118041367
3,3,10,10,10,10,10,10,10,10,10,10,10,10,10,10,10,1,0,no,0010118041320
3,3,10,7,5,5,10,5,10,10,5,8.3333333333333,9,5,8.3333333333333,9,5,1,0,no,0020118033834
3,3,10,7,5,10,7,5,10,7,5,10,7,5,10,7,5,0,0,no,0027117072235
3,3,10,10,10,10,10,7,10,10,7,10,10,8,10,10,8,1,0,no,0010117072139
3,3,10,10,5,10,10,5,10,10,5,10,10,5,10,10,5,0,0,no,0029117090586
3,2,0,0,0,10,10,5,10,10,5,10,10,5,6.6666666666667,6.6666666666667,3.3333333333333,1,0,no,0755118041270
3,3,10,10,5,10,10,5,10,10,5,10,10,5,10,10,5,1,0,no,0371118020690
3,3,10,10,5,10,10,5,10,10,5,10,10,5,10,10,5,1,0,no,0592118041682
3,3,10,10,5,5,10,5,10,10,5,8.3333333333333,10,5,8.3333333333333,10,5,1,0,no,0021118040717
3,3,10,10,10,10,10,7,10,10,10,10,10,9,10,10,9,1,0,no,0010118032281
3,3,10,10,10,10,10,10,10,10,10,10,10,10,10,10,10,1,0,no,0010118041249
2,2,10,10,10,10,10,10,0,0,0,10,10,10,6.6666666666667,6.6666666666667,6.6666666666667,0,0,out,0010118041844
3,3,10,5,5,7,7,7,10,7,7,9,6.3333333333333,6.3333333333333,9,6.3333333333333,6.3333333333333,1,0,no,0010117072772
2,3,10,5,10,10,5,10,10,5,10,10,5,10,10,5,10,1,0,no,0021118040623
3,3,10,10,10,10,10,7,10,10,10,10,10,9,10,10,9,1,0,no,0010117072672
3,3,10,10,5,10,10,5,10,10,5,10,10,5,10,10,5,0.93,0,no,0025117120318
3,3,10,5,10,10,5,10,10,5,10,10,5,10,10,5,10,1,0,no,0021118041190
3,3,10,10,5,10,10,5,10,10,5,10,10,5,10,10,5,1,0,no,0021118041330
3,3,10,5,7,10,5,10,10,5,10,10,5,9,10,5,9,1,0,no,0010118040515
3,3,10,10,5,10,7,5,10,7,5,10,8,5,10,8,5,1,0,no,0020117091024
3,3,10,5,5,10,10,5,10,10,5,10,8.3333333333333,5,10,8.3333333333333,5,1,0,no,0020117091025
3,3,10,10,10,10,10,7,10,10,7,10,10,8,10,10,8,1,0,no,0010118030841
3,3,10,5,10,10,5,10,10,5,10,10,5,10,10,5,10,0.94,0,no,0021117120566
3,3,10,10,5,10,10,5,10,10,5,10,10,5,10,10,5,1,0,no,0371118033283
3,3,10,10,5,10,10,5,10,10,5,10,10,5,10,10,5,0.9,0,no,0025118050767
3,3,10,5,10,10,5,10,10,5,10,10,5,10,10,5,10,1,0,no,0010118040190
3,3,10,7,5,10,10,5,10,10,5,10,9,5,10,9,5,1,0,no,0021118040661
3,3,10,10,5,10,10,5,10,10,5,10,10,5,10,10,5,1,0,no,0592118041624
3,3,10,2,5,10,10,5,10,10,5,10,7.3333333333333,5,10,7.3333333333333,5,1,0,no,0020118033269
3,2,10,5,10,0,0,0,10,5,10,10,5,10,6.6666666666667,3.3333333333333,6.6666666666667,0.09,1,no,0755117082040
3,3,10,10,5,10,10,5,10,10,5,10,10,5,10,10,5,1,0,no,0027118041859
2,2,0,0,0,10,5,7,10,5,7,10,5,7,6.6666666666667,3.3333333333333,4.6666666666667,1,0,no,0010118033672
3,3,10,10,5,10,10,5,10,10,5,10,10,5,10,10,5,0.01,0,no,0755118041620
3,3,10,10,5,10,7,5,7,7,5,9,8,5,9,8,5,1,0,no,0020118020586
3,3,10,10,5,10,10,5,10,10,5,10,10,5,10,10,5,1,0,no,0023118040215
2,2,0,0,0,10,5,7,10,5,7,10,5,7,6.6666666666667,3.3333333333333,4.6666666666667,1,0,no,0755117100886
3,2,0,0,0,10,10,5,10,10,5,10,10,5,6.6666666666667,6.6666666666667,3.3333333333333,1,0,no,0029118040563
3,3,10,10,5,10,10,5,10,10,5,10,10,5,10,10,5,1,0,no,0755118010124
3,3,10,5,10,10,5,10,10,5,10,10,5,10,10,5,10,1,0,no,0027118020401
3,2,10,10,10,0,0,0,10,10,10,10,10,10,6.6666666666667,6.6666666666667,6.6666666666667,1,0,no,0010117111576
3,3,7,5,5,7,5,5,10,7,7,8,5.6666666666667,5.6666666666667,8,5.6666666666667,5.6666666666667,1,1,no,0755117120510
3,3,10,10,5,10,10,5,10,10,5,10,10,5,10,10,5,0.97,0,no,0108888001187
3,3,10,10,5,10,10,5,10,10,5,10,10,5,10,10,5,1,0,no,0028118041404
3,3,10,10,5,10,10,5,10,10,5,10,10,5,10,10,5,0.92,0,no,0025118040889
3,3,5,5,5,5,7,5,5,7,5,5,6.3333333333333,5,5,6.3333333333333,5,0.01,0,no,0021118041880
3,3,10,5,10,10,5,10,10,5,10,10,5,10,10,5,10,1,0,no,0371118050660
3,3,10,7,7,10,10,7,10,7,5,10,8,6.3333333333333,10,8,6.3333333333333,1,0,no,0010118010232
3,3,10,10,7,10,10,7,10,10,7,10,10,7,10,10,7,1,0,no,0010118041257
3,3,5,5,5,0,5,5,10,5,5,5,5,5,5,5,5,1,0,no,0010118041673
3,3,10,10,5,10,10,5,10,10,5,10,10,5,10,10,5,1,0,no,0027118021061
3,3,10,5,10,10,5,10,10,5,10,10,5,10,10,5,10,1,0,no,0010117120963
2,2,0,0,0,10,5,10,10,5,10,10,5,10,6.6666666666667,3.3333333333333,6.6666666666667,1,1,no,0010118010270
3,3,7,5,5,10,5,7,10,5,7,9,5,6.3333333333333,9,5,6.3333333333333,1,0,no,0010118041849
3,3,10,5,7,10,5,7,10,5,7,10,5,7,10,5,7,1,0,no,0010118010009
3,3,7,5,10,10,5,7,10,5,7,9,5,8,9,5,8,1,0,no,0010118050840
3,3,10,10,5,10,10,5,10,10,5,10,10,5,10,10,5,1,0,no,0029118033528
3,3,10,7,5,10,5,5,7,10,5,9,7.3333333333333,5,9,7.3333333333333,5,1,0,no,0028117101937
3,3,10,10,5,10,10,5,10,10,5,10,10,5,10,10,5,1,0,no,0029118050365
2,2,0,0,0,10,5,7,10,5,7,10,5,7,6.6666666666667,3.3333333333333,4.6666666666667,1,0,no,0010117120860
3,3,10,10,5,10,10,5,10,10,5,10,10,5,10,10,5,1,0,no,0020118041185
3,3,10,10,5,10,10,5,10,10,5,10,10,5,10,10,5,1,0,no,0371118033920
3,3,10,10,5,10,10,5,10,10,5,10,10,5,10,10,5,0.9,0,no,0571118040691
3,3,5,10,5,10,10,5,10,7,5,8.3333333333333,9,5,8.3333333333333,9,5,1,0,no,0025118040990
3,3,10,10,10,10,10,10,10,10,7,10,10,9,10,10,9,1,0,no,0010118041258
3,3,10,10,7,10,10,7,10,10,7,10,10,7,10,10,7,0.92,0,no,0010118033363
3,3,7,5,5,10,5,5,10,5,7,9,5,5.6666666666667,9,5,5.6666666666667,1,0,no,0010118041438
3,3,10,10,5,10,10,5,10,10,5,10,10,5,10,10,5,1,0,no,0028118040247
3,3,10,10,10,10,5,7,10,7,7,10,7.3333333333333,8,10,7.3333333333333,8,1,0,no,0010118030400
3,3,10,7,5,10,10,5,10,10,5,10,9,5,10,9,5,1,0,no,0028118031329
3,3,10,7,5,10,5,7,10,10,5,10,7.3333333333333,5.6666666666667,10,7.3333333333333,5.6666666666667,1,0,no,0010118031114
1,0,0,0,0,0,0,0,0,0,0,0,0,0,0,0,0,0.02,0,no,0025117121156
3,3,10,10,5,10,10,5,10,10,5,10,10,5,10,10,5,1,0,no,0108888001197
3,3,10,10,7,10,7,7,10,10,10,10,9,8,10,9,8,0.01,0,no,0010118041982
3,3,10,7,5,10,7,5,10,5,5,10,6.3333333333333,5,10,6.3333333333333,5,1,0,no,0028117111738
3,3,10,5,10,7,5,5,10,5,10,9,5,8.3333333333333,9,5,8.3333333333333,0.01,0,no,0010118041843
3,3,10,7,5,10,7,5,7,7,5,9,7,5,9,7,5,1,0,no,0021118050048
3,3,10,5,7,10,5,7,10,5,7,10,5,7,10,5,7,0.94,0,no,0010118030165
3,3,10,7,7,10,7,7,7,7,7,9,7,7,9,7,7,1,0,no,0010118022227
3,2,0,0,0,7,7,5,7,10,5,7,8.5,5,4.6666666666667,5.6666666666667,3.3333333333333,1,0,no,0020118060363
3,3,2,5,5,7,5,5,7,5,7,5.3333333333333,5,5.6666666666667,5.3333333333333,5,5.6666666666667,1,0,no,0010118020342
3,3,10,5,10,10,5,10,10,5,10,10,5,10,10,5,10,0.57,0,no,0010118033658
3,3,10,10,5,10,10,5,10,10,5,10,10,5,10,10,5,1,0,no,0020118050582
3,3,5,7,5,10,5,5,10,5,5,8.3333333333333,5.6666666666667,5,8.3333333333333,5.6666666666667,5,1,0,no,0010118030219
2,0,0,0,0,0,0,0,0,0,0,0,0,0,0,0,0,0,0,no,0010118030552
3,3,10,5,7,10,5,7,10,5,10,10,5,8,10,5,8,0.02,0,no,0010118010360
3,3,7,7,5,10,7,5,7,7,5,8,7,5,8,7,5,1,0,no,0020118020185
2,1,0,0,0,10,5,5,0,0,0,10,5,5,3.3333333333333,1.6666666666667,1.6666666666667,1,0,no,0010117121413
2,3,10,7,5,10,10,5,10,10,5,10,9,5,10,9,5,1,0,no,0028118020585
3,3,10,5,10,10,5,10,7,5,10,9,5,10,9,5,10,0.92,0,no,0021118040254
3,3,10,0,5,10,10,5,10,10,5,10,6.6666666666667,5,10,6.6666666666667,5,1,0,no,0028117121831
3,3,5,10,5,0,10,5,10,10,5,5,10,5,5,10,5,1,0,no,0571118040133
3,3,10,5,7,10,5,10,10,5,7,10,5,8,10,5,8,1,0,no,0010118030221
3,3,10,10,5,10,10,5,10,10,5,10,10,5,10,10,5,1,0,no,0020118060432
3,3,10,5,7,10,5,7,10,5,10,10,5,8,10,5,8,1,0,no,0010118010579
3,3,7,7,10,2,10,7,7,7,7,5.3333333333333,8,8,5.3333333333333,8,8,1,0,no,0010118030333
3,3,7,7,5,10,10,5,7,10,5,8,9,5,8,9,5,1,0,no,0020118040549
3,3,10,10,5,10,10,5,7,10,5,9,10,5,9,10,5,1,0,no,0021118041879
3,3,10,10,10,10,10,5,7,10,10,9,10,8.3333333333333,9,10,8.3333333333333,1,0,no,0010118041424
3,3,5,10,5,5,10,5,5,10,5,5,10,5,5,10,5,1,0,no,0027118050683
3,3,10,10,7,10,10,7,10,10,7,10,10,7,10,10,7,1,0,no,0010118020336
3,3,10,10,10,10,10,10,10,10,10,10,10,10,10,10,10,1,0,no,0010118031217
3,3,2,10,10,10,10,10,10,10,10,7.3333333333333,10,10,7.3333333333333,10,10,0,0,no,0010118041667
3,3,10,5,10,10,5,10,10,5,10,10,5,10,10,5,10,1,0,no,0010118032786
3,3,10,5,7,10,5,5,10,5,5,10,5,5.6666666666667,10,5,5.6666666666667,1,0,no,0010118033396
3,3,10,10,5,10,10,5,10,10,5,10,10,5,10,10,5,1,0,no,0020118033858
3,3,10,10,5,10,10,5,10,10,5,10,10,5,10,10,5,1,0,no,0027118030785
3,3,10,7,5,10,10,5,10,10,5,10,9,5,10,9,5,1,0,no,0028118032632
3,3,10,10,5,10,10,5,10,10,5,10,10,5,10,10,5,1,0,no,0027118020915
3,3,10,5,5,10,5,5,10,5,5,10,5,5,10,5,5,1,0,no,0010118041700
3,3,10,5,5,10,5,5,10,5,5,10,5,5,10,5,5,1,0,no,0010118020625
3,3,10,5,10,10,5,10,10,5,10,10,5,10,10,5,10,1,0,no,0010118021494
3,3,7,5,5,7,5,5,7,5,5,7,5,5,7,5,5,0.92,0,no,0010118030903
3,3,10,10,7,7,10,5,10,10,5,9,10,5.6666666666667,9,10,5.6666666666667,1,0,no,0010118030902
3,3,10,10,5,10,10,5,10,10,5,10,10,5,10,10,5,1,0,no,0021118041023
3,3,10,10,5,10,10,5,10,10,5,10,10,5,10,10,5,0.93,0,no,0571118022238
3,3,10,10,5,10,10,5,10,10,5,10,10,5,10,10,5,0.01,0,no,0021118060466
3,3,10,10,7,10,7,7,10,7,7,10,8,7,10,8,7,1,0,no,0010118033507
3,3,10,10,10,10,10,10,10,10,10,10,10,10,10,10,10,1,0,no,0010118033923
3,3,10,5,5,10,5,5,10,5,7,10,5,5.6666666666667,10,5,5.6666666666667,1,0,no,0010118041997
3,3,10,5,7,10,5,7,10,5,10,10,5,8,10,5,8,1,0,no,0010118040181
3,3,10,10,5,5,10,5,10,10,5,8.3333333333333,10,5,8.3333333333333,10,5,0,0,no,0023118041860
3,3,10,10,5,10,10,5,10,10,5,10,10,5,10,10,5,1,0,no,0029118033296
3,3,10,10,10,10,10,10,10,10,10,10,10,10,10,10,10,1,0,no,0010118031477
3,3,10,10,5,10,10,5,10,10,5,10,10,5,10,10,5,1,0,no,0028118020919
3,3,10,5,10,10,5,10,10,5,10,10,5,10,10,5,10,1,0,no,0010118020812
1,0,0,0,0,0,0,0,0,0,0,0,0,0,0,0,0,0,0,no,0571118020849
3,3,10,10,5,10,10,5,10,10,5,10,10,5,10,10,5,1,0,no,0371118021267
3,3,10,10,5,2,7,5,2,7,5,4.6666666666667,8,5,4.6666666666667,8,5,1,0,no,0020118020900
3,3,10,5,5,10,5,7,10,5,5,10,5,5.6666666666667,10,5,5.6666666666667,0.94,0,no,0010118031888
3,3,10,10,10,10,10,10,7,10,10,9,10,10,9,10,10,1,0,no,0010118031684
3,3,10,10,5,10,10,5,10,10,5,10,10,5,10,10,5,0.53,0,no,0021118031348
3,3,10,10,5,10,10,5,7,10,5,9,10,5,9,10,5,0.9,0,no,0531118040124
3,3,10,5,10,10,5,10,10,5,10,10,5,10,10,5,10,1,0,no,0010118040745
3,3,10,10,5,10,10,5,10,10,5,10,10,5,10,10,5,1,0,no,0755118040883
3,3,7,10,5,10,10,5,7,10,5,8,10,5,8,10,5,1,0,no,0020118033855
3,3,10,10,5,10,10,5,10,10,5,10,10,5,10,10,5,1,0,no,0028118031947
3,3,10,10,5,10,10,5,10,10,5,10,10,5,10,10,5,1,0,no,0023118040040
1,0,0,0,0,0,0,0,0,0,0,0,0,0,0,0,0,0.01,0,no,0021118031339
3,3,10,5,7,10,5,7,10,5,7,10,5,7,10,5,7,1,0,no,0010118040996
3,3,7,10,5,7,10,5,2,10,5,5.3333333333333,10,5,5.3333333333333,10,5,1,0,no,0028118021000
3,2,0,0,0,10,7,5,10,7,5,10,7,5,6.6666666666667,4.6666666666667,3.3333333333333,1,0,no,0021118031384
2,2,0,0,0,10,5,7,10,5,5,10,5,6,6.6666666666667,3.3333333333333,4,1,0,no,0010118031472
3,3,10,5,7,10,7,7,10,7,7,10,6.3333333333333,7,10,6.3333333333333,7,1,0,no,0010118033147
3,3,10,5,10,10,5,10,10,5,10,10,5,10,10,5,10,1,0,no,0021118041182
3,3,10,10,7,10,10,7,7,10,7,9,10,7,9,10,7,1,0,no,0010118050143
3,3,10,10,5,10,10,5,7,10,5,9,10,5,9,10,5,1,0,no,0571118050885
3,3,10,5,7,10,5,7,10,5,7,10,5,7,10,5,7,1,0,no,0010118040116
3,3,10,10,5,10,10,5,10,10,5,10,10,5,10,10,5,1,0,no,0023118040076
3,3,10,10,5,10,10,5,10,10,5,10,10,5,10,10,5,1,0,no,0028118041283
3,3,10,10,5,10,5,5,10,5,5,10,6.6666666666667,5,10,6.6666666666667,5,1,0,no,0010118011255
3,3,10,10,5,5,10,5,10,10,5,8.3333333333333,10,5,8.3333333333333,10,5,1,0,no,0029118031552
3,3,10,5,5,10,5,5,10,7,5,10,5.6666666666667,5,10,5.6666666666667,5,1,0,no,0028118041523
3,2,0,0,0,10,7,5,10,10,5,10,8.5,5,6.6666666666667,5.6666666666667,3.3333333333333,1,0,no,0028118021909
3,3,10,5,7,10,5,7,10,5,5,10,5,6.3333333333333,10,5,6.3333333333333,1,0,no,0021118033373
3,3,10,10,5,10,10,5,10,10,5,10,10,5,10,10,5,1,0,no,0023118060253
3,3,10,10,5,10,10,5,10,10,5,10,10,5,10,10,5,1,0,no,0027118031640
3,3,7,5,5,7,10,5,7,10,5,7,8.3333333333333,5,7,8.3333333333333,5,1,0,no,0020118031748
3,3,10,5,5,10,5,5,10,7,5,10,5.6666666666667,5,10,5.6666666666667,5,1,0,no,0027118032334
3,3,7,10,10,7,10,7,2,7,7,5.3333333333333,9,8,5.3333333333333,9,8,1,0,no,0010118040505
3,3,10,10,5,10,10,5,10,10,5,10,10,5,10,10,5,1,0,no,0371118040585
3,3,10,10,5,7,10,5,7,10,5,8,10,5,8,10,5,0.92,0,no,0025118040698
3,3,10,5,5,10,5,5,10,5,5,10,5,5,10,5,5,1,0,no,0025118040983
3,3,7,10,5,7,10,5,7,10,5,7,10,5,7,10,5,1,0,no,0020118021523
3,3,10,5,10,10,5,10,10,5,10,10,5,10,10,5,10,1,0,no,0010118031694
3,3,10,10,10,5,10,7,5,10,5,6.6666666666667,10,7.3333333333333,6.6666666666667,10,7.3333333333333,0.9,0,no,0010118031826
3,3,5,10,5,5,10,5,5,10,5,5,10,5,5,10,5,1.99,0,no,0020118021899
3,3,10,10,5,10,7,5,10,10,5,10,9,5,10,9,5,1,0,no,0029118040442
3,3,10,5,5,10,5,5,10,5,7,10,5,5.6666666666667,10,5,5.6666666666667,1,0,no,0010118040128
3,3,7,7,5,2,10,5,7,7,5,5.3333333333333,8,5,5.3333333333333,8,5,1,0,no,0028118040139
3,3,10,10,5,10,10,5,10,10,5,10,10,5,10,10,5,1,0,no,0755118021963
3,3,10,10,5,10,10,5,10,10,5,10,10,5,10,10,5,1,0,no,0020118021841
3,3,10,7,5,10,7,5,10,7,5,10,7,5,10,7,5,1,0,no,0025118040294
3,3,10,10,10,10,10,10,10,10,10,10,10,10,10,10,10,0.92,0,no,0010118031984
3,3,10,10,5,5,10,5,10,10,5,8.3333333333333,10,5,8.3333333333333,10,5,1,0,no,0571118021588
3,2,10,5,10,0,0,0,10,5,7,10,5,8.5,6.6666666666667,3.3333333333333,5.6666666666667,1,0,no,0010118021742
3,3,10,10,5,10,10,5,10,10,5,10,10,5,10,10,5,0.93,0,no,0371118031996
3,3,10,5,7,10,5,7,10,5,10,10,5,8,10,5,8,1,0,no,0010118031909
2,3,10,5,10,10,5,10,10,5,10,10,5,10,10,5,10,1,0,no,0021118021610
3,2,10,5,10,7,5,7,0,0,0,8.5,5,8.5,5.6666666666667,3.3333333333333,5.6666666666667,1,0,no,0010118040438
3,2,7,2,5,10,10,5,0,0,0,8.5,6,5,5.6666666666667,4,3.3333333333333,0.01,0,no,0021118041782
3,3,10,5,10,10,5,7,7,5,10,9,5,9,9,5,9,1,0,no,0021118021656
3,3,10,5,10,10,5,7,7,5,10,9,5,9,9,5,9,1,0,no,0010118041158
3,3,10,10,5,10,10,5,10,10,5,10,10,5,10,10,5,1,0,no,0025118041885
3,3,10,5,10,10,5,10,10,5,7,10,5,9,10,5,9,1,0,no,0010118040194
3,3,10,7,5,10,10,5,10,10,5,10,9,5,10,9,5,1,0,no,0020118041944
3,3,10,10,5,10,10,5,10,10,5,10,10,5,10,10,5,1,0,no,0029118033550
3,3,10,7,5,10,5,5,10,5,5,10,5.6666666666667,5,10,5.6666666666667,5,1,0,no,0029118032993
3,3,10,5,10,10,5,10,10,5,10,10,5,10,10,5,10,1,0,no,0010118032017
3,3,10,7,5,10,7,5,7,7,5,9,7,5,9,7,5,1,0,no,0023118033773
2,2,10,10,5,10,10,5,0,0,0,10,10,5,6.6666666666667,6.6666666666667,3.3333333333333,1,0,no,0027118050261
3,3,10,10,5,10,10,5,10,10,5,10,10,5,10,10,5,1,0,no,0021118041266
2,2,0,0,0,7,5,7,7,5,5,7,5,6,4.6666666666667,3.3333333333333,4,0,0,drop,0010118033769
3,3,10,5,7,7,5,5,10,5,7,9,5,6.3333333333333,9,5,6.3333333333333,0,0,no,0010118041741
3,3,10,5,5,10,5,5,10,7,5,10,5.6666666666667,5,10,5.6666666666667,5,1,0,no,0027118050667
3,3,10,10,10,10,10,7,10,7,7,10,9,8,10,9,8,0,0,out,0010118021865
3,3,10,5,10,10,5,10,10,5,10,10,5,10,10,5,10,1,0,no,0010118021867
3,3,10,10,5,10,10,5,10,10,5,10,10,5,10,10,5,1,0,no,0027118040972
3,3,10,10,7,10,10,7,10,10,7,10,10,7,10,10,7,1,0,no,0010118041310
3,3,10,10,5,10,10,5,10,10,5,10,10,5,10,10,5,1,0,no,0029118040703
3,3,2,5,10,10,5,10,7,5,10,6.3333333333333,5,10,6.3333333333333,5,10,1,0,no,0010118021981
3,3,10,5,10,10,5,10,10,5,10,10,5,10,10,5,10,1,0,no,0021118040249
3,3,10,10,7,10,10,7,10,10,7,10,10,7,10,10,7,1,0,no,0010118021930
3,3,10,10,5,10,7,5,7,5,5,9,7.3333333333333,5,9,7.3333333333333,5,1,0,no,0755118041475
3,3,10,10,5,10,5,5,10,5,5,10,6.6666666666667,5,10,6.6666666666667,5,0.9,0,no,0571118033662
3,3,10,5,5,10,10,5,10,7,5,10,7.3333333333333,5,10,7.3333333333333,5,1,0,no,0028118032210
3,3,10,2,5,7,5,5,10,2,5,9,3,5,9,3,5,1,0,no,0029118050415
3,3,10,5,5,10,10,5,7,10,5,9,8.3333333333333,5,9,8.3333333333333,5,1,0,no,0028118022039
3,3,10,7,5,10,7,5,10,7,5,10,7,5,10,7,5,0,0,no,0531118032507
3,3,10,10,5,10,7,5,10,10,5,10,9,5,10,9,5,1,0,no,0571118040555
3,3,10,10,5,10,10,5,7,10,5,9,10,5,9,10,5,1,0,no,0027118032270
3,3,10,10,5,10,7,5,10,7,5,10,8,5,10,8,5,1,0,no,0025118041813
3,3,10,10,5,5,10,5,10,10,5,8.3333333333333,10,5,8.3333333333333,10,5,0.9,0,no,0592118060267
3,3,10,10,5,10,10,5,10,7,5,10,9,5,10,9,5,1,0,no,0027118032261
3,3,10,10,5,10,10,5,10,10,5,10,10,5,10,10,5,1,0,no,0755118040711
3,3,10,10,5,10,10,5,10,10,5,10,10,5,10,10,5,1,0,no,0027118041302
3,3,10,7,5,10,7,5,10,7,5,10,7,5,10,7,5,0.9,0,no,0755118040324
3,3,10,10,5,10,10,5,10,10,5,10,10,5,10,10,5,0.9,0,no,0531118040365
3,3,10,5,7,10,5,7,10,5,7,10,5,7,10,5,7,1,0,no,0010118032371
3,3,10,10,5,10,10,5,7,7,5,9,9,5,9,9,5,1,0,no,0020118040338
3,3,10,7,5,10,10,5,10,10,5,10,9,5,10,9,5,0.87,0,no,0021118050244
3,3,10,10,5,10,10,5,10,10,5,10,10,5,10,10,5,1,0,no,0755118050252
3,3,10,10,5,10,10,5,10,10,5,10,10,5,10,10,5,1,0,no,0027118040461
3,3,10,5,10,10,5,10,5,5,10,8.3333333333333,5,10,8.3333333333333,5,10,1,0,no,0021118041146
3,3,10,5,10,10,5,10,10,5,10,10,5,10,10,5,10,1,0,no,0010118032753
3,3,10,10,10,10,10,10,10,10,10,10,10,10,10,10,10,1,0,no,0010118041048
3,3,10,10,10,10,10,10,10,10,10,10,10,10,10,10,10,1,0,no,0010118032608
2,3,10,5,10,10,5,10,10,5,10,10,5,10,10,5,10,0,0,no,0021118040867
3,3,10,10,5,10,10,5,5,10,5,8.3333333333333,10,5,8.3333333333333,10,5,1,0,no,0371118040449
3,3,10,5,10,10,5,10,10,5,10,10,5,10,10,5,10,1,0,no,0021118041614
3,3,10,10,5,10,10,5,10,5,5,10,8.3333333333333,5,10,8.3333333333333,5,1,0,no,0021118032573
3,2,0,0,0,10,10,5,10,10,5,10,10,5,6.6666666666667,6.6666666666667,3.3333333333333,0.92,0,no,0025118040682
3,3,10,10,5,10,10,5,10,10,5,10,10,5,10,10,5,0.72,0,no,0755118040413
3,3,10,10,7,10,10,7,10,10,7,10,10,7,10,10,7,1,0,no,0010118033335
3,3,10,5,7,10,5,10,10,5,10,10,5,9,10,5,9,1,0,no,0021118040596
3,3,10,10,5,10,7,5,10,7,5,10,8,5,10,8,5,1,0,no,0021118041245
3,2,0,0,0,10,5,5,10,5,5,10,5,5,6.6666666666667,3.3333333333333,3.3333333333333,1,0,no,0010118032441
3,2,7,7,5,0,0,0,7,10,5,7,8.5,5,4.6666666666667,5.6666666666667,3.3333333333333,1,0,no,0021118041002
3,3,10,10,5,10,10,5,10,10,5,10,10,5,10,10,5,1,0,no,0371118033256
3,3,10,7,5,10,7,5,10,10,5,10,8,5,10,8,5,1,0,no,0027118032789
3,3,10,10,5,10,10,5,10,10,5,10,10,5,10,10,5,1,0,no,0029118033660
3,3,10,10,5,10,10,5,10,10,5,10,10,5,10,10,5,1,0,no,0028118060445
3,3,10,10,5,10,10,5,10,10,5,10,10,5,10,10,5,1,0,no,0755118040801
3,3,10,5,5,10,5,5,10,7,5,10,5.6666666666667,5,10,5.6666666666667,5,1,0,no,0020118050569
3,3,10,10,7,7,7,7,7,7,7,8,8,7,8,8,7,1,0,no,0010118022229
3,3,10,7,7,7,10,7,10,7,7,9,8,7,9,8,7,1,0,no,0010118040918
3,3,10,5,5,10,5,5,10,5,7,10,5,5.6666666666667,10,5,5.6666666666667,1,0,no,0028118040557
3,3,10,10,5,10,10,5,10,10,5,10,10,5,10,10,5,1,0,no,0025118033432
3,3,10,5,10,10,5,10,10,5,10,10,5,10,10,5,10,1,0,no,0021118041991
3,3,10,10,5,5,10,5,10,10,5,8.3333333333333,10,5,8.3333333333333,10,5,1,0,no,0025118041855
3,3,10,7,5,10,7,5,10,7,5,10,7,5,10,7,5,1,0,no,0571118040786
3,3,10,7,5,10,7,5,10,7,5,10,7,5,10,7,5,0.92,0,no,0025118040936
3,3,10,5,7,5,5,10,5,5,10,6.6666666666667,5,9,6.6666666666667,5,9,1,0,no,0010118032574
3,3,10,10,5,10,10,5,10,10,5,10,10,5,10,10,5,1,0,no,0021118050335
3,3,10,10,5,10,10,5,5,10,5,8.3333333333333,10,5,8.3333333333333,10,5,1,0,no,0020118032939
3,3,10,10,10,10,10,10,10,10,10,10,10,10,10,10,10,1,0,no,0010118032978
3,3,10,10,5,10,10,5,10,10,5,10,10,5,10,10,5,0.01,0,no,0531118033074
3,3,10,7,5,10,7,5,10,10,5,10,8,5,10,8,5,1,0,no,0020118050298
3,3,10,10,5,10,10,5,10,10,5,10,10,5,10,10,5,1,0,no,0023118040443
3,3,10,10,5,10,10,5,10,10,5,10,10,5,10,10,5,1,0,no,0755118041341
3,3,7,7,5,10,10,5,10,10,5,9,9,5,9,9,5,1,0,no,0028118032640
2,3,10,5,10,10,5,10,10,5,10,10,5,10,10,5,10,1,0,no,0021118022315
3,3,10,10,7,10,7,7,10,7,7,10,8,7,10,8,7,1,0,no,0010118041474
3,3,10,10,5,7,10,5,10,10,5,9,10,5,9,10,5,1,0,no,0028118032704
3,3,7,7,7,10,7,7,7,5,5,8,6.3333333333333,6.3333333333333,8,6.3333333333333,6.3333333333333,1,0,no,0010118040906
3,3,10,2,5,10,2,5,10,5,5,10,3,5,10,3,5,1,0,no,0027118032660
3,3,10,7,7,10,7,7,10,10,10,10,8,8,10,8,8,1,0,no,0010118033364
3,3,10,10,5,10,10,5,10,10,5,10,10,5,10,10,5,1,0,no,0571118050311
3,3,10,10,5,10,10,5,10,10,5,10,10,5,10,10,5,1,0,no,0571118040912
2,3,10,10,5,10,10,5,10,10,5,10,10,5,10,10,5,1,0,no,0571118041794
3,3,10,10,10,5,10,10,0,10,10,5,10,10,5,10,10,1,0,no,0010118033495
3,3,10,10,5,10,10,5,10,10,5,10,10,5,10,10,5,1,0,no,0755118050360
3,3,10,10,5,10,10,5,7,10,5,9,10,5,9,10,5,1,0,no,0028118040466
3,3,10,5,10,10,5,10,10,5,10,10,5,10,10,5,10,1,0,no,0010118040454
3,3,10,10,5,10,10,5,10,10,5,10,10,5,10,10,5,1,0,no,0028118040473
3,3,7,10,5,10,10,5,10,10,5,9,10,5,9,10,5,1,0,no,0027118033090
3,3,10,10,5,10,10,5,10,10,5,10,10,5,10,10,5,1,0,no,0027118033667
3,3,10,10,5,10,10,5,10,10,5,10,10,5,10,10,5,0.01,0,no,0531118033010
3,3,10,10,10,10,10,10,10,10,10,10,10,10,10,10,10,1,0,no,0010118033112
3,3,10,10,7,10,10,5,7,10,5,9,10,5.6666666666667,9,10,5.6666666666667,0.72,0,no,0010118033637
3,3,10,10,5,10,10,5,10,10,5,10,10,5,10,10,5,1,0,no,0021118050457
3,3,10,7,7,10,7,7,10,10,7,10,8,7,10,8,7,0,0,no,0010118032830
3,3,10,10,5,10,10,5,10,10,5,10,10,5,10,10,5,0.73,0,no,0021118041571
3,3,7,7,5,10,10,5,7,7,5,8,8,5,8,8,5,1,0,no,0029118040769
3,3,10,10,10,10,10,10,10,10,10,10,10,10,10,10,10,1,0,no,0010118033499
3,3,10,10,10,10,10,10,10,10,10,10,10,10,10,10,10,1,0,no,0010118041473
3,3,10,10,5,10,10,5,7,7,5,9,9,5,9,9,5,1,0,no,0028118033055
3,3,10,10,5,10,7,5,10,7,5,10,8,5,10,8,5,1,0,no,0029118032897
3,3,10,7,7,7,7,7,7,7,7,8,7,7,8,7,7,1,0,no,0010118041197
3,3,10,7,5,10,7,5,10,7,5,10,7,5,10,7,5,1,0,no,0028118033680
3,3,7,10,5,7,10,5,2,10,5,5.3333333333333,10,5,5.3333333333333,10,5,1,0,no,0028118040495
3,3,10,7,5,10,7,5,10,7,5,10,7,5,10,7,5,0.92,0,no,0025118040541
3,3,7,10,10,7,10,10,7,10,10,7,10,10,7,10,10,0,0,drop,0010118041605
3,3,10,10,5,10,10,5,10,7,5,10,9,5,10,9,5,1,0,no,0755118060287
3,3,10,5,10,10,5,10,10,5,7,10,5,9,10,5,9,1,0,no,0010118041221
3,3,10,10,5,10,10,5,7,5,5,9,8.3333333333333,5,9,8.3333333333333,5,1,0,no,0029118032917
3,3,10,10,10,10,10,10,10,10,10,10,10,10,10,10,10,1,0,no,0010118040836
3,3,10,5,7,10,5,7,10,5,7,10,5,7,10,5,7,1,0,no,0010118040826
3,3,10,5,5,10,10,5,10,10,5,10,8.3333333333333,5,10,8.3333333333333,5,1,0,no,0020118050359
3,2,0,0,0,10,5,5,10,7,5,10,6,5,6.6666666666667,4,3.3333333333333,1,0,no,0027118040487
3,3,10,10,5,10,10,5,10,10,5,10,10,5,10,10,5,1,0,no,0027118032808
3,3,10,5,10,10,5,10,10,5,10,10,5,10,10,5,10,1,0,no,0010118041465
3,2,10,5,7,10,5,10,0,0,0,10,5,8.5,6.6666666666667,3.3333333333333,5.6666666666667,1,0,no,0010118050684
3,3,10,10,10,10,10,10,10,10,10,10,10,10,10,10,10,1,0,no,0010118041325
3,3,10,10,5,10,10,5,10,10,5,10,10,5,10,10,5,1,0,no,0029118040750
3,3,10,10,5,10,10,5,10,7,5,10,9,5,10,9,5,1,0,no,0028118040952
3,3,10,5,10,10,5,10,10,5,10,10,5,10,10,5,10,0,0,no,0021118041956
1,3,10,5,7,10,5,10,10,5,10,10,5,9,10,5,9,0,0,out,0010118033310
3,3,5,7,5,5,10,5,5,10,5,5,9,5,5,9,5,1,0,no,0020118050368
3,3,10,10,5,10,10,5,10,10,5,10,10,5,10,10,5,1,0,no,0029118060570
2,3,2,10,5,7,10,5,2,10,5,3.6666666666667,10,5,3.6666666666667,10,5,1,0,no,0020118040542
3,3,10,10,5,10,10,5,10,10,5,10,10,5,10,10,5,0.94,0,no,0025118040713
3,3,10,5,10,10,5,10,10,5,10,10,5,10,10,5,10,0.44,0,no,0021118040619
3,3,10,7,5,5,10,5,5,10,5,6.6666666666667,9,5,6.6666666666667,9,5,1,0,no,0020118033110
3,3,10,7,5,10,10,5,10,10,5,10,9,5,10,9,5,1,0,no,0010118041430
3,3,10,5,10,10,5,10,10,5,10,10,5,10,10,5,10,1,0,no,0010118040582
2,2,0,0,0,10,5,10,10,5,7,10,5,8.5,6.6666666666667,3.3333333333333,5.6666666666667,1,0,no,0010118040581
3,3,10,10,10,10,10,10,10,10,10,10,10,10,10,10,10,1,0,no,0010118041327
3,3,10,5,10,10,5,10,10,5,10,10,5,10,10,5,10,1,0,no,0010118051187
3,2,10,10,5,0,0,0,10,10,5,10,10,5,6.6666666666667,6.6666666666667,3.3333333333333,1,0,no,0021118080044
3,3,7,10,5,10,10,5,10,10,5,9,10,5,9,10,5,1,0,no,0020118060286
3,2,10,10,10,10,7,7,0,0,0,10,8.5,8.5,6.6666666666667,5.6666666666667,5.6666666666667,1,0,no,0010118041743
3,3,10,10,5,10,10,5,10,10,5,10,10,5,10,10,5,1,0,no,0028118040757
3,3,10,7,7,10,7,7,10,10,7,10,8,7,10,8,7,1,0,no,0010118041301
3,3,10,7,7,10,10,10,10,10,10,10,9,9,10,9,9,0,0,no,0010118033796
3,3,10,10,5,10,10,5,10,10,5,10,10,5,10,10,5,1,0,no,0023118040712
3,3,10,10,5,10,10,5,10,10,5,10,10,5,10,10,5,1,0,no,0029118033260
3,3,10,5,10,10,5,10,10,5,10,10,5,10,10,5,10,1.01,0,no,0010118041589
3,3,7,10,5,10,10,5,10,10,5,9,10,5,9,10,5,0.9,0,no,0020118050455
3,2,0,0,0,10,7,5,10,7,5,10,7,5,6.6666666666667,4.6666666666667,3.3333333333333,0.9,0,no,0025118050402
3,3,10,5,10,10,5,10,10,5,10,10,5,10,10,5,10,1,0,no,0010118040665
3,3,10,10,10,10,10,10,10,10,10,10,10,10,10,10,10,1,0,no,0010118060481
3,3,10,5,5,10,10,5,10,10,5,10,8.3333333333333,5,10,8.3333333333333,5,1,0,no,0020118050441
3,3,7,10,5,10,10,5,10,10,5,9,10,5,9,10,5,1,0,no,0755118032884
3,3,7,10,5,7,7,5,7,10,5,7,9,5,7,9,5,1,0,no,0021118041913
2,2,0,0,0,10,5,5,10,5,5,10,5,5,6.6666666666667,3.3333333333333,3.3333333333333,1,0,no,0010118033426
3,3,10,10,5,10,10,5,10,10,5,10,10,5,10,10,5,1,0,no,0027118040681
3,3,10,5,5,10,5,5,10,5,5,10,5,5,10,5,5,1,0,no,0027118050568
3,3,7,7,5,10,10,5,10,10,5,9,9,5,9,9,5,1,0,no,0028118050900
3,3,7,10,5,10,10,5,10,10,5,9,10,5,9,10,5,1,0,no,0029118040804
3,3,7,10,5,7,10,5,10,10,5,8,10,5,8,10,5,1,0,no,0028118040678
3,3,10,7,5,10,10,5,10,10,5,10,9,5,10,9,5,1,0,no,0029118033295
3,3,10,5,5,10,7,5,10,5,5,10,5.6666666666667,5,10,5.6666666666667,5,1,0,no,0028118041250
3,3,10,10,7,10,10,10,10,10,7,10,10,8,10,10,8,1,0,no,0010118033243
3,3,10,10,5,10,10,5,10,10,5,10,10,5,10,10,5,0.01,0,no,0021118041964
3,3,10,10,5,10,10,5,10,10,5,10,10,5,10,10,5,1,0,no,0755118050413
3,3,10,10,5,10,10,5,10,10,5,10,10,5,10,10,5,1,0,no,0028118040680
3,3,10,10,5,10,10,5,10,10,5,10,10,5,10,10,5,1,0,no,0028118032957
3,3,10,5,5,10,10,5,10,10,5,10,8.3333333333333,5,10,8.3333333333333,5,1,0,no,0020118041594
3,3,7,7,5,10,10,5,2,10,5,6.3333333333333,9,5,6.3333333333333,9,5,1,0,no,0020118033301
3,3,10,5,5,10,10,5,10,10,5,10,8.3333333333333,5,10,8.3333333333333,5,1,0,no,0020118050461
3,3,10,10,5,10,10,5,10,10,5,10,10,5,10,10,5,0.9,0,no,0025118033339
3,3,10,10,10,10,10,10,5,10,10,8.3333333333333,10,10,8.3333333333333,10,10,1,0,no,0010118033641
3,3,10,10,7,10,7,7,10,10,7,10,9,7,10,9,7,1,0,no,0010118033413
3,3,10,5,5,10,10,5,10,10,5,10,8.3333333333333,5,10,8.3333333333333,5,1,0,no,0029118033065
3,3,10,10,5,7,10,5,10,10,5,9,10,5,9,10,5,0.01,0,no,0531118033095
2,3,0,5,5,5,5,5,10,5,5,5,5,5,5,5,5,1,0,no,0755118041922
3,3,10,7,5,10,10,5,2,10,5,7.3333333333333,9,5,7.3333333333333,9,5,1,0,no,0028118032958
3,3,10,10,5,10,10,5,10,10,5,10,10,5,10,10,5,1,0,no,0028118040607
3,3,7,10,10,7,7,7,2,10,7,5.3333333333333,9,8,5.3333333333333,9,8,1,0,no,0010118041287
3,3,10,7,5,7,10,5,7,7,5,8,8,5,8,8,5,1,0,no,0020118050472
3,2,0,0,0,7,10,5,10,10,5,8.5,10,5,5.6666666666667,6.6666666666667,3.3333333333333,1,0,no,0029118050505
3,3,10,7,5,10,7,5,10,7,5,10,7,5,10,7,5,1,0,no,0027118032994
3,3,10,10,5,10,10,5,10,10,5,10,10,5,10,10,5,1,0,no,0025118033330
3,3,10,10,10,10,10,10,10,10,10,10,10,10,10,10,10,1,0,no,0010118040816
3,3,10,10,10,10,10,10,10,7,7,10,9,9,10,9,9,1,0,no,0010118041029
3,3,10,5,7,10,5,10,10,5,10,10,5,9,10,5,9,1,0,no,0010118041127
3,2,0,0,0,10,5,5,10,5,5,10,5,5,6.6666666666667,3.3333333333333,3.3333333333333,1,0,no,0029118033069
3,3,7,5,5,7,5,5,7,5,5,7,5,5,7,5,5,1,0,no,0028118040605
3,3,10,10,7,10,10,10,10,10,10,10,10,9,10,10,9,1,0,no,0010118041224
3,3,10,5,7,10,5,7,10,5,10,10,5,8,10,5,8,1,0,no,0010118041965
3,3,10,10,5,10,10,5,10,10,5,10,10,5,10,10,5,1,0,no,0023118040842
3,3,10,10,5,10,10,5,10,10,5,10,10,5,10,10,5,1,0,no,0531118033602
3,3,10,10,5,10,10,5,10,10,5,10,10,5,10,10,5,1,0,no,0029118041453
3,3,10,7,5,10,10,5,10,5,5,10,7.3333333333333,5,10,7.3333333333333,5,1.28,0,no,0755118033374
3,3,10,10,5,7,10,5,10,10,5,9,10,5,9,10,5,1,0,no,0028118040938
3,3,10,10,5,10,10,5,10,10,5,10,10,5,10,10,5,1,0,no,0021118040763
3,2,0,0,0,2,10,5,2,10,5,2,10,5,1.3333333333333,6.6666666666667,3.3333333333333,1,0,no,0028118033017
3,3,2,10,10,10,10,10,10,10,10,7.3333333333333,10,10,7.3333333333333,10,10,1,0,no,0010118033037
3,3,10,10,5,7,7,5,7,10,5,8,9,5,8,9,5,1,0,no,0028118033086
3,3,10,10,5,10,10,5,10,10,5,10,10,5,10,10,5,1,0,no,0755118040692
3,3,10,10,5,10,10,5,10,10,5,10,10,5,10,10,5,0.92,0,no,0755118040686
3,3,10,5,5,10,10,5,10,10,5,10,8.3333333333333,5,10,8.3333333333333,5,1,0,no,0020118040896
3,3,10,10,5,10,10,5,10,10,5,10,10,5,10,10,5,1,0,no,0571118040641
3,3,10,5,10,10,5,10,10,5,10,10,5,10,10,5,10,1,0,no,0010118040648
3,3,10,5,5,10,7,5,10,7,5,10,6.3333333333333,5,10,6.3333333333333,5,1,0,no,0028118040631
3,3,10,5,5,10,5,5,7,5,5,9,5,5,9,5,5,1,0,no,0010118033582
2,3,10,5,10,10,5,10,10,5,10,10,5,10,10,5,10,1,0,no,0010118040879
2,3,10,10,7,10,10,10,10,10,10,10,10,9,10,10,9,1,0,no,0010118033143
3,3,10,10,5,10,10,5,10,10,5,10,10,5,10,10,5,0.01,0,no,0021118060467
3,3,10,10,5,10,10,5,10,10,5,10,10,5,10,10,5,1,0,no,0010118033409
3,3,5,7,5,10,10,5,10,10,5,8.3333333333333,9,5,8.3333333333333,9,5,0.9,0,no,0592118050640
3,3,10,10,5,10,10,5,10,10,5,10,10,5,10,10,5,1,0,no,0029118033089
3,3,10,10,5,10,10,5,10,10,5,10,10,5,10,10,5,1,0,no,0023118033457
3,3,10,5,10,10,5,10,10,5,10,10,5,10,10,5,10,1,0,no,0010118040670
3,3,10,10,5,10,7,5,10,7,5,10,8,5,10,8,5,0.92,0,no,0025118033828
2,2,0,0,0,10,5,7,10,5,7,10,5,7,6.6666666666667,3.3333333333333,4.6666666666667,1,0,no,0010118041084
3,3,10,5,10,10,5,10,10,5,10,10,5,10,10,5,10,1,0,no,0027118040872
3,3,10,10,10,7,7,10,10,7,10,9,8,10,9,8,10,1,0,no,0010118040799
3,3,10,10,5,10,7,5,10,7,5,10,8,5,10,8,5,1,0,no,0028118033151
3,3,10,5,5,10,10,5,10,10,5,10,8.3333333333333,5,10,8.3333333333333,5,1,0,no,0021118041148
3,3,2,10,5,10,10,5,10,10,5,7.3333333333333,10,5,7.3333333333333,10,5,1,0,no,0020118040822
3,2,0,0,0,10,10,5,10,10,5,10,10,5,6.6666666666667,6.6666666666667,3.3333333333333,1,0,no,0028118033139
1,0,0,0,0,0,0,0,0,0,0,0,0,0,0,0,0,1,0,no,0010118042009
3,3,10,5,5,5,7,5,5,7,5,6.6666666666667,6.3333333333333,5,6.6666666666667,6.3333333333333,5,1,0,no,0020118033307
3,3,10,10,5,10,10,5,10,10,5,10,10,5,10,10,5,1,0,no,0029118033160
3,3,10,7,5,7,10,5,7,10,5,8,9,5,8,9,5,1,0,no,0020118050484
3,3,10,10,10,10,10,10,10,10,10,10,10,10,10,10,10,1,0,no,0010118041204
3,3,10,5,10,10,5,10,10,5,10,10,5,10,10,5,10,1,0,no,0010118040695
3,3,10,5,10,2,5,7,10,5,10,7.3333333333333,5,9,7.3333333333333,5,9,1,0,no,0010118040694
3,3,10,5,7,10,5,10,10,5,10,10,5,9,10,5,9,1,0,no,0010118040908
3,3,10,5,10,10,5,10,10,5,10,10,5,10,10,5,10,1,0,no,0010118041108
3,3,7,10,7,7,10,7,7,7,7,7,9,7,7,9,7,0,0,out,0010118033161
3,3,10,10,5,10,10,5,10,10,5,10,10,5,10,10,5,1,0,no,0571118033420
3,3,7,10,7,10,10,7,10,10,7,9,10,7,9,10,7,1,0,no,0010118040863
0,1,0,0,0,0,0,0,10,10,5,10,10,5,3.3333333333333,3.3333333333333,1.6666666666667,1,0,no,0020118041166
3,3,7,5,2,10,5,5,10,5,5,9,5,4,9,5,4,1,0,no,0010118033167
3,3,10,5,10,10,5,10,10,5,10,10,5,10,10,5,10,1,0,no,0010118040954
3,3,10,10,5,10,10,5,10,10,5,10,10,5,10,10,5,1,0,no,0023118040706
3,3,10,10,5,10,10,5,10,10,5,10,10,5,10,10,5,1,0,no,0023118040704
3,3,10,10,5,10,10,5,10,10,5,10,10,5,10,10,5,1,0,no,0571118040785
2,1,0,0,0,10,5,7,0,0,0,10,5,7,3.3333333333333,1.6666666666667,2.3333333333333,0.01,0,no,0010118040728
3,3,10,10,5,10,10,5,7,10,5,9,10,5,9,10,5,1,0,no,0028118033281
3,3,10,5,10,10,5,10,10,5,10,10,5,10,10,5,10,1,0,no,0010118040726
3,3,10,10,5,10,10,5,10,10,5,10,10,5,10,10,5,1,0,no,0020118033197
3,3,10,10,7,10,5,7,10,7,5,10,7.3333333333333,6.3333333333333,10,7.3333333333333,6.3333333333333,0.01,0,no,0010118041364
3,3,10,5,10,10,5,10,10,5,10,10,5,10,10,5,10,1,0,no,0021118033376
3,3,10,10,5,10,10,5,10,10,5,10,10,5,10,10,5,1,0,no,0021118041409
3,3,10,10,10,10,10,10,10,10,10,10,10,10,10,10,10,1,0,no,0010118040979
3,3,10,5,10,10,5,7,10,5,7,10,5,8,10,5,8,1,0,no,0010118041280
3,3,10,5,10,10,5,10,10,5,10,10,5,10,10,5,10,1,0,no,0010118041568
3,3,10,10,5,10,10,5,10,10,5,10,10,5,10,10,5,1,0,no,0020118041025
3,3,10,7,7,10,7,7,10,5,5,10,6.3333333333333,6.3333333333333,10,6.3333333333333,6.3333333333333,1,0,no,0010118040871
3,3,5,7,7,10,7,7,10,7,7,8.3333333333333,7,7,8.3333333333333,7,7,1,0,no,0010118041497
3,3,10,10,5,10,10,5,10,10,5,10,10,5,10,10,5,1,0,no,0029118033218
3,3,10,10,5,10,10,5,10,10,5,10,10,5,10,10,5,1,0,no,0020118040788
3,3,10,5,10,7,5,10,7,5,10,8,5,10,8,5,10,0.01,0,no,0010118041693
3,2,10,5,7,0,0,0,10,7,7,10,6,7,6.6666666666667,4,4.6666666666667,1,0,no,0010118041262
3,3,7,10,5,10,10,5,7,10,5,8,10,5,8,10,5,1,0,no,0020118060389
3,3,10,7,5,10,7,5,10,7,5,10,7,5,10,7,5,1,0,no,0028118033237
3,3,10,10,10,10,10,10,10,10,10,10,10,10,10,10,10,1,0,no,0010118033277
3,3,10,10,5,10,10,5,10,10,5,10,10,5,10,10,5,1,0,no,0020118041418
3,3,10,10,5,10,5,5,10,10,5,10,8.3333333333333,5,10,8.3333333333333,5,1,0,no,0755118040892
2,1,0,0,0,0,0,0,10,5,7,10,5,7,3.3333333333333,1.6666666666667,2.3333333333333,1,0,no,0021118041072
3,3,10,5,7,10,5,7,7,5,7,9,5,7,9,5,7,1,0,no,0010118041692
3,3,10,10,7,10,10,7,10,10,7,10,10,7,10,10,7,1,0,no,0010118033451
3,3,10,7,5,10,7,5,10,7,5,10,7,5,10,7,5,1,0,no,0371118033255
3,3,10,10,5,10,10,5,10,10,5,10,10,5,10,10,5,1,0,no,0755118041235
3,3,10,5,10,10,7,5,10,7,5,10,6.3333333333333,6.6666666666667,10,6.3333333333333,6.6666666666667,1,0,no,0025118041294
3,3,10,10,10,10,7,7,10,7,10,10,8,9,10,8,9,1,0,no,0010118033309
3,3,10,5,10,10,5,10,10,5,10,10,5,10,10,5,10,1,0,no,0021118041576
3,3,10,10,10,10,10,10,10,10,10,10,10,10,10,10,10,0,0,no,0010118041959
3,3,10,10,5,10,10,5,10,10,5,10,10,5,10,10,5,1,0,no,0027118060521
3,3,10,5,10,10,5,10,10,5,10,10,5,10,10,5,10,1,0,no,0592118033404
3,2,7,5,5,0,0,0,10,10,5,8.5,7.5,5,5.6666666666667,5,3.3333333333333,1,0,no,0020118050562
3,3,10,10,5,10,10,5,10,10,5,10,10,5,10,10,5,1,0,no,0371118033547
3,3,10,7,5,10,7,5,10,10,5,10,8,5,10,8,5,1,0,no,0025118040866
3,3,10,10,5,10,10,5,10,10,5,10,10,5,10,10,5,1,0,no,0020118041344
3,3,10,10,10,10,10,7,7,10,10,9,10,9,9,10,9,1,0,no,0010118033306
3,3,10,10,5,10,10,5,10,10,5,10,10,5,10,10,5,1,0,no,0028118041037
3,3,10,10,5,7,10,5,7,10,5,8,10,5,8,10,5,1,0,no,0020118040868
3,3,10,10,5,10,10,5,10,10,5,10,10,5,10,10,5,0.92,0,no,0571118033332
3,3,10,5,7,10,5,7,10,5,7,10,5,7,10,5,7,1,0,no,0010118040831
3,2,0,0,0,10,7,5,10,7,5,10,7,5,6.6666666666667,4.6666666666667,3.3333333333333,1,0,no,0531118041584
3,3,10,10,5,10,10,5,7,10,5,9,10,5,9,10,5,1,0,no,0020118041156
3,3,10,10,10,10,10,10,10,10,10,10,10,10,10,10,10,1,0,no,0010118033450
3,3,10,7,5,10,10,5,10,10,5,10,9,5,10,9,5,1,0,no,0028118033323
3,3,10,7,5,10,10,5,10,10,5,10,9,5,10,9,5,0.01,0,no,0021118041527
3,3,10,7,5,10,7,5,10,7,5,10,7,5,10,7,5,1,0,no,0029118033410
3,3,10,7,5,10,7,5,10,5,5,10,6.3333333333333,5,10,6.3333333333333,5,1,0,no,0755118050579
3,3,10,7,5,5,7,5,10,7,5,8.3333333333333,7,5,8.3333333333333,7,5,1,0,no,0021118041068
3,3,10,5,7,10,5,10,10,5,7,10,5,8,10,5,8,1,0,no,0010118033704
3,3,10,10,7,10,7,7,10,7,7,10,8,7,10,8,7,1,0,no,0010118041286
3,3,10,10,5,10,10,5,10,10,5,10,10,5,10,10,5,1,0,no,0029118033352
3,3,10,10,5,10,10,5,10,10,5,10,10,5,10,10,5,1,0,no,0020118060434
3,2,0,0,0,10,10,10,10,10,10,10,10,10,6.6666666666667,6.6666666666667,6.6666666666667,1,0,no,0010118033613
3,3,10,7,7,10,7,7,10,7,7,10,7,7,10,7,7,1,0,no,0010118040893
3,3,10,10,10,10,10,10,10,10,10,10,10,10,10,10,10,1,0,no,0010118041696
3,3,10,10,5,10,10,5,10,10,5,10,10,5,10,10,5,1,0,no,0023118033766
0,0,0,0,0,0,0,0,0,0,0,0,0,0,0,0,0,1,0,no,0023118033467
3,3,7,10,5,10,10,5,10,10,5,9,10,5,9,10,5,1.01,0,no,0025118033887
3,3,10,5,7,10,5,5,10,5,5,10,5,5.6666666666667,10,5,5.6666666666667,0.01,0,no,0010118041019
3,2,10,7,5,0,0,0,10,5,5,10,6,5,6.6666666666667,4,3.3333333333333,0.01,0,no,0021118033470
3,3,10,10,5,10,10,5,10,10,5,10,10,5,10,10,5,0,0,no,0029118033764
3,3,5,10,5,10,10,5,10,10,5,8.3333333333333,10,5,8.3333333333333,10,5,1,0,no,0028118041176
3,3,10,10,5,10,10,5,10,10,5,10,10,5,10,10,5,1,0,no,0755118050753
3,3,10,10,7,10,10,7,10,7,7,10,9,7,10,9,7,1,0,no,0010118041668
3,3,7,10,5,7,10,5,10,10,5,8,10,5,8,10,5,1,0,no,0029118033521
3,3,10,10,10,10,10,10,10,10,10,10,10,10,10,10,10,1,0,no,0010118041536
3,3,10,5,10,10,5,10,10,5,10,10,5,10,10,5,10,1,0,no,0010118040874
3,3,7,10,5,7,10,5,7,7,5,7,9,5,7,9,5,1,0,no,0020118040921
3,3,5,10,5,10,10,5,10,10,5,8.3333333333333,10,5,8.3333333333333,10,5,1,0,no,0571118040875
3,3,10,10,5,10,10,5,10,10,5,10,10,5,10,10,5,1,0,no,0571118050590
3,3,2,10,5,7,10,5,7,10,5,5.3333333333333,10,5,5.3333333333333,10,5,1,0,no,0020118040878
3,3,10,7,5,10,7,5,10,7,5,10,7,5,10,7,5,1,0,no,0025118040989
3,3,7,5,10,10,5,10,7,5,10,8,5,10,8,5,10,1,0,no,0021118060444
3,3,10,5,5,10,5,5,10,5,5,10,5,5,10,5,5,1,0,no,0020118040998
3,3,10,7,5,10,7,5,10,5,5,10,6.3333333333333,5,10,6.3333333333333,5,1,0,no,0010118033709
3,3,10,10,5,10,10,5,10,10,5,10,10,5,10,10,5,1,0,no,0010118040935
3,3,10,10,5,10,10,5,10,10,5,10,10,5,10,10,5,0,0,no,0021118041046
3,3,10,10,5,10,10,5,10,10,5,10,10,5,10,10,5,1,0,no,0023118041247
3,3,10,10,5,10,10,5,10,10,5,10,10,5,10,10,5,0.44,0,no,0021118041918
2,2,0,0,0,10,5,5,10,5,5,10,5,5,6.6666666666667,3.3333333333333,3.3333333333333,1,0,no,0010118033578
3,3,10,5,7,10,5,7,10,5,10,10,5,8,10,5,8,1,0,no,0010118040916
3,3,10,7,5,10,7,5,10,7,5,10,7,5,10,7,5,1,0,no,0025118033793
3,2,5,5,5,10,5,10,0,0,0,7.5,5,7.5,5,3.3333333333333,5,1,0,no,0029118040917
3,3,10,10,10,10,10,10,10,10,10,10,10,10,10,10,10,1,0,no,0010118041449
3,3,10,5,5,7,5,5,7,5,5,8,5,5,8,5,5,1,0,no,0027118051107
3,3,10,7,5,10,7,5,10,10,5,10,8,5,10,8,5,1,0,no,0027118041003
3,3,10,10,5,10,10,5,10,10,5,10,10,5,10,10,5,1,0,no,0028118040966
3,3,10,10,5,5,10,5,10,10,5,8.3333333333333,10,5,8.3333333333333,10,5,1,0,no,0028118040942
3,1,10,10,5,0,0,0,0,0,0,10,10,5,3.3333333333333,3.3333333333333,1.6666666666667,1,0,no,0023118033564
3,3,10,10,5,10,10,5,10,10,5,10,10,5,10,10,5,1,0,no,0029118033544
3,3,7,7,5,7,10,5,7,10,5,7,9,5,7,9,5,1,0,no,0020118041402
3,3,7,5,5,7,7,7,7,7,7,7,6.3333333333333,6.3333333333333,7,6.3333333333333,6.3333333333333,1,0,no,0010118041077
3,3,10,5,10,10,5,10,10,5,7,10,5,9,10,5,9,1,0,no,0010118033493
3,3,10,5,5,10,5,7,10,5,5,10,5,5.6666666666667,10,5,5.6666666666667,1,0,no,0010118041356
3,3,7,5,5,10,5,7,10,5,7,9,5,6.3333333333333,9,5,6.3333333333333,0,0,no,0010118041960
3,3,2,10,10,2,10,10,2,10,10,2,10,10,2,10,10,0,0,no,0010118033567
2,2,7,5,5,0,0,0,7,5,5,7,5,5,4.6666666666667,3.3333333333333,3.3333333333333,1,0,no,0020118041128
3,3,7,10,5,7,10,5,10,10,5,8,10,5,8,10,5,1,0,no,0371118033536
3,3,10,10,5,10,10,5,10,10,5,10,10,5,10,10,5,1,0,no,0029118033552
2,3,10,5,5,10,10,5,10,7,5,10,7.3333333333333,5,10,7.3333333333333,5,0.31,0,no,0029118033563
3,3,10,10,5,10,10,5,10,10,5,10,10,5,10,10,5,1,0,no,0021118041173
3,3,10,10,5,7,5,5,7,5,5,8,6.6666666666667,5,8,6.6666666666667,5,1,0,no,0755118041022
3,3,10,10,5,10,10,5,10,10,5,10,10,5,10,10,5,1,0,no,0592118041053
1,3,10,5,5,10,5,5,10,5,5,10,5,5,10,5,5,1,0,no,0027118041388
2,3,10,5,10,10,5,10,10,5,10,10,5,10,10,5,10,1,0,no,0010118033741
3,3,10,10,5,10,10,5,10,10,5,10,10,5,10,10,5,1,0,no,0029118040959
3,2,0,0,0,10,5,5,10,7,7,10,6,6,6.6666666666667,4,4,0,0,no,0010118050656
3,3,10,10,5,10,10,5,10,10,5,10,10,5,10,10,5,1,0,no,0755118041007
3,3,7,10,5,10,7,5,10,7,5,9,8,5,9,8,5,0.01,0,no,0755118041653
3,3,10,10,5,10,10,5,10,10,5,10,10,5,10,10,5,0,0,out,0755118041392
3,3,10,10,5,7,10,5,7,10,5,8,10,5,8,10,5,0,0,no,0755118041990
3,3,10,10,7,10,10,7,10,10,7,10,10,7,10,10,7,1,0,no,0010118041042
3,3,10,10,5,10,10,5,10,10,5,10,10,5,10,10,5,1,0,no,0755118033553
3,3,10,5,5,10,5,5,10,5,5,10,5,5,10,5,5,1,0,no,0027118041292
3,3,10,5,10,10,5,10,10,5,10,10,5,10,10,5,10,1,0,no,0010118041613
2,2,10,10,5,10,10,5,0,0,0,10,10,5,6.6666666666667,6.6666666666667,3.3333333333333,1,0,no,0571118041035
3,3,10,10,7,10,10,10,10,10,10,10,10,9,10,10,9,1,0,no,0010118040986
3,3,10,10,10,7,10,10,10,10,10,9,10,10,9,10,10,0,0,no,0010118033568
3,3,10,10,7,10,10,10,10,10,7,10,10,8,10,10,8,1,0,no,0010118041094
3,3,10,5,5,7,5,5,7,5,5,8,5,5,8,5,5,1,0,no,0029118033742
3,3,10,10,5,10,10,5,10,10,5,10,10,5,10,10,5,1,0,no,0755118041011
3,3,10,10,5,10,10,5,10,10,5,10,10,5,10,10,5,1,0,no,0020118050661
3,3,10,10,5,10,10,5,10,10,5,10,10,5,10,10,5,1,0,no,0028118033775
3,3,5,10,5,5,10,5,5,10,5,5,10,5,5,10,5,1,0,no,0020118033612
3,3,7,10,5,7,10,5,7,10,5,7,10,5,7,10,5,0,0,out,0021118041646
3,3,10,10,7,10,10,5,7,10,5,9,10,5.6666666666667,9,10,5.6666666666667,1,0,no,0010118033576
3,3,10,7,5,10,5,5,10,7,5,10,6.3333333333333,5,10,6.3333333333333,5,1,0,no,0571118033607
3,3,7,7,5,7,7,5,7,10,7,7,8,5.6666666666667,7,8,5.6666666666667,1,0,no,0371118033665
3,3,10,5,7,10,5,10,10,5,10,10,5,9,10,5,9,1,0,no,0010118033758
3,3,10,7,5,10,7,5,10,7,5,10,7,5,10,7,5,1,0,no,0027118041131
3,3,10,10,5,10,10,5,5,7,5,8.3333333333333,9,5,8.3333333333333,9,5,1,0,no,0021118033829
3,3,10,10,5,10,10,5,10,10,5,10,10,5,10,10,5,1,0,no,0020118033624
3,3,10,7,5,10,7,5,10,7,5,10,7,5,10,7,5,1,0,no,0571118033657
3,3,7,10,5,7,10,5,2,10,5,5.3333333333333,10,5,5.3333333333333,10,5,1,0,no,0571118033846
3,3,10,5,10,10,5,10,10,5,10,10,5,10,10,5,10,1,0,no,0371118060622
3,2,10,5,5,0,0,0,10,5,7,10,5,6,6.6666666666667,3.3333333333333,4,0,0,no,0010118033621
3,3,10,5,10,10,5,10,10,5,10,10,5,10,10,5,10,1,0,no,0010118041478
3,3,10,7,5,10,7,5,10,7,5,10,7,5,10,7,5,1,0,no,0025118041397
3,3,10,7,5,7,5,5,7,5,5,8,5.6666666666667,5,8,5.6666666666667,5,1,0,no,0021118041066
3,2,10,10,5,10,10,5,0,0,0,10,10,5,6.6666666666667,6.6666666666667,3.3333333333333,1,0,no,0755118033874
3,3,10,10,7,10,10,7,10,7,7,10,9,7,10,9,7,1,0,no,0010118041034
2,3,10,10,5,10,10,5,7,10,5,9,10,5,9,10,5,1,0,no,0571118041565
3,3,10,10,5,10,0,5,7,5,5,9,5,5,9,5,5,0.01,0,no,0531118041481
3,3,10,5,10,10,5,10,10,5,10,10,5,10,10,5,10,1,0,no,0010118041047
3,3,10,10,5,10,10,5,10,10,5,10,10,5,10,10,5,0.31,0,no,0020118041119
3,3,10,10,10,10,10,10,10,10,10,10,10,10,10,10,10,1,0,no,0010118050841
3,3,10,10,5,10,10,5,10,10,5,10,10,5,10,10,5,1,0,no,0020118041444
3,3,10,10,5,10,10,5,10,10,5,10,10,5,10,10,5,1,0,no,0571118033671
3,3,10,10,5,5,10,5,10,10,5,8.3333333333333,10,5,8.3333333333333,10,5,1,0,no,0592118042024
3,3,10,5,7,10,5,7,7,5,5,9,5,6.3333333333333,9,5,6.3333333333333,0.01,0,no,0010118033678
3,3,2,10,5,2,7,5,2,7,5,2,8,5,2,8,5,1,0,no,0021118041359
3,3,10,7,7,10,7,7,10,7,7,10,7,7,10,7,7,1,0,no,0010118041230
3,3,7,10,5,10,10,5,10,10,5,9,10,5,9,10,5,1,0,no,0592118041676
3,3,10,10,5,10,10,5,10,10,5,10,10,5,10,10,5,1,0,no,0025118033906
3,0,0,0,0,0,0,0,0,0,0,0,0,0,0,0,0,1,0,no,0021118033688
3,3,10,10,5,10,10,5,10,10,5,10,10,5,10,10,5,1,0,no,0027118041639
3,3,10,10,10,10,10,10,10,10,10,10,10,10,10,10,10,1,0,no,0010118041275
3,2,10,10,5,0,0,0,10,10,5,10,10,5,6.6666666666667,6.6666666666667,3.3333333333333,1,0,no,0027118041141
3,3,10,10,5,10,10,5,10,10,5,10,10,5,10,10,5,0.56,0,no,0755118041060
3,3,10,5,10,10,5,10,7,5,10,9,5,10,9,5,10,1,0,no,0010118041457
3,3,10,10,5,10,10,5,10,10,5,10,10,5,10,10,5,1,0,no,0531118033843
3,3,10,5,5,10,7,5,10,7,5,10,6.3333333333333,5,10,6.3333333333333,5,1,0,no,0029118033888
3,3,10,5,7,10,5,7,10,5,10,10,5,8,10,5,8,1,0,no,0010118051001
3,3,10,2,5,2,10,5,2,10,5,4.6666666666667,7.3333333333333,5,4.6666666666667,7.3333333333333,5,1,0,no,0020118041116
3,3,10,5,5,7,10,5,7,10,5,8,8.3333333333333,5,8,8.3333333333333,5,1,0,no,0020118041117
3,3,10,10,7,10,10,7,10,10,7,10,10,7,10,10,7,1,0,no,0010118033880
3,3,10,5,7,10,5,7,10,5,10,10,5,8,10,5,8,1,0,no,0010118041085
3,3,7,10,5,7,10,5,7,10,5,7,10,5,7,10,5,1,0,no,0592118033711
3,3,10,7,5,10,7,5,10,7,5,10,7,5,10,7,5,1,0,no,0027118041602
3,3,10,10,5,10,10,5,10,10,5,10,10,5,10,10,5,1,0,no,0027118041604
3,2,0,0,0,10,5,5,5,5,5,7.5,5,5,5,3.3333333333333,3.3333333333333,0,0,no,0010118041071
3,3,10,10,5,10,10,5,7,10,5,9,10,5,9,10,5,1,0,no,0020118041504
3,3,10,5,5,10,7,5,10,7,5,10,6.3333333333333,5,10,6.3333333333333,5,1,0,no,0028118041078
3,3,10,10,5,10,10,5,10,10,5,10,10,5,10,10,5,1,0,no,0371118041080
3,3,10,5,5,7,5,7,10,5,5,9,5,5.6666666666667,9,5,5.6666666666667,1,0,no,0021118041098
3,2,10,7,5,0,0,0,10,10,7,10,8.5,6,6.6666666666667,5.6666666666667,4,0,0,out,0010118042032
3,1,10,5,7,0,0,0,0,0,0,10,5,7,3.3333333333333,1.6666666666667,2.3333333333333,0,0,no,0010118041769
3,3,10,10,5,10,10,5,10,10,5,10,10,5,10,10,5,1,0,no,0371118033745
3,3,10,7,7,10,7,7,10,7,7,10,7,7,10,7,7,1,0,no,0010118041702
3,3,10,10,7,10,10,7,10,10,10,10,10,8,10,10,8,1,0,no,0010118041313
3,3,7,7,5,7,7,5,7,7,5,7,7,5,7,7,5,1,0,no,0028118041852
3,3,10,10,5,10,10,5,10,10,5,10,10,5,10,10,5,1,0,no,0755118033903
3,3,10,10,10,10,10,7,10,7,5,10,9,7.3333333333333,10,9,7.3333333333333,1,0,no,0010118041188
3,3,10,10,5,10,10,5,10,10,5,10,10,5,10,10,5,0.9,0,no,0025118041378
3,3,10,5,10,10,5,10,10,5,10,10,5,10,10,5,10,1,0,no,0010118041273
3,3,10,10,10,10,10,10,10,10,10,10,10,10,10,10,10,1,0,no,0010118041428
3,3,10,10,5,7,10,5,7,10,5,8,10,5,8,10,5,1,0,no,0020118033788
3,3,7,5,7,10,5,7,10,5,7,9,5,7,9,5,7,1,0,no,0010118041771
3,3,10,5,5,10,5,7,10,5,10,10,5,7.3333333333333,10,5,7.3333333333333,1,0,no,0010118041600
3,3,10,10,5,10,10,5,10,10,5,10,10,5,10,10,5,1,0,no,0021118041099
3,1,0,0,0,0,0,0,10,10,5,10,10,5,3.3333333333333,3.3333333333333,1.6666666666667,1,0,no,0027118041978
3,3,10,10,5,10,10,5,10,10,5,10,10,5,10,10,5,1,0,no,0027118041209
3,3,5,10,10,10,10,10,5,10,10,6.6666666666667,10,10,6.6666666666667,10,10,1,0,no,0010118041165
3,3,10,10,7,10,10,7,7,10,10,9,10,8,9,10,8,1,0,no,0010118041312
3,3,10,5,10,10,5,10,10,5,10,10,5,10,10,5,10,1,0,no,0021118041239
3,3,10,10,5,10,10,5,10,10,5,10,10,5,10,10,5,1,0,no,0371118033810
3,3,10,5,10,10,5,10,10,5,10,10,5,10,10,5,10,1,0,no,0021118041180
3,3,7,7,5,7,7,5,7,10,5,7,8,5,7,8,5,1,0,no,0020118041152
3,3,7,5,7,7,10,5,7,10,5,7,8.3333333333333,5.6666666666667,7,8.3333333333333,5.6666666666667,1,0,no,0025118041260
3,2,0,0,0,10,10,5,10,10,5,10,10,5,6.6666666666667,6.6666666666667,3.3333333333333,1,0,no,0755118033837
3,3,7,10,5,7,10,5,10,10,5,8,10,5,8,10,5,1,0,no,0020118041111
3,3,7,10,5,2,10,5,10,10,5,6.3333333333333,10,5,6.3333333333333,10,5,1,0,no,0020118041112
3,3,10,10,5,5,10,5,10,10,5,8.3333333333333,10,5,8.3333333333333,10,5,1,0,no,0021118041425
3,3,7,5,10,7,5,10,10,5,10,8,5,10,8,5,10,1,0,no,0010118041371
3,2,10,10,5,0,0,0,10,10,5,10,10,5,6.6666666666667,6.6666666666667,3.3333333333333,1,0,no,0029118041122
3,3,10,10,5,7,10,5,10,10,5,9,10,5,9,10,5,1,0,no,0021118041360
3,3,10,5,10,10,5,10,10,5,10,10,5,10,10,5,10,0.01,0,no,0010118041719
3,3,10,10,5,10,10,5,10,10,5,10,10,5,10,10,5,1,0,no,0023118033821
3,1,0,0,0,0,0,0,10,10,5,10,10,5,3.3333333333333,3.3333333333333,1.6666666666667,1,0,no,0755118041159
3,3,10,10,5,10,10,5,10,10,5,10,10,5,10,10,5,1,0,no,0025118042034
3,3,10,5,7,10,7,5,10,7,5,10,6.3333333333333,5.6666666666667,10,6.3333333333333,5.6666666666667,1,0,no,0025118041183
3,3,10,5,10,10,5,10,10,5,10,10,5,10,10,5,10,1,0,no,0010118041319
3,3,10,5,10,10,5,10,10,5,10,10,5,10,10,5,10,1,0,no,0021118041240
3,3,10,5,10,10,5,10,10,5,10,10,5,10,10,5,10,1,0,no,0010118041199
3,2,10,10,5,0,0,0,10,10,5,10,10,5,6.6666666666667,6.6666666666667,3.3333333333333,1,0,no,0571118033859
3,3,10,10,7,10,7,7,10,7,7,10,8,7,10,8,7,1,0,no,0010118033849
3,3,10,10,5,10,10,5,10,10,5,10,10,5,10,10,5,1,0,no,0020118050748
3,3,10,10,10,10,7,10,10,7,7,10,8,9,10,8,9,1,0,no,0010118041407
3,3,10,5,7,10,5,7,10,5,7,10,5,7,10,5,7,1,0,no,0010118041203
3,3,10,10,5,10,10,5,10,10,5,10,10,5,10,10,5,1,0,no,0028118033905
3,3,10,5,7,10,5,10,10,5,10,10,5,9,10,5,9,1,0,no,0010118041174
3,3,10,10,5,10,10,5,10,10,5,10,10,5,10,10,5,0.87,0,no,0021118033884
3,3,10,10,5,10,10,5,10,10,5,10,10,5,10,10,5,0.01,0,no,0531118041466
3,3,10,5,7,10,10,5,10,10,7,10,8.3333333333333,6.3333333333333,10,8.3333333333333,6.3333333333333,1,0,no,0010118050785
3,3,10,10,5,10,10,5,10,10,5,10,10,5,10,10,5,1,0,no,0025118050839
3,3,10,5,5,10,10,5,10,10,5,10,8.3333333333333,5,10,8.3333333333333,5,1,0,no,0028118041582
3,3,10,5,5,10,5,5,10,5,5,10,5,5,10,5,5,1,0,no,0029118033872
3,3,10,5,10,10,5,10,10,5,10,10,5,10,10,5,10,1,0,no,0021118041201
1,0,0,0,0,0,0,0,0,0,0,0,0,0,0,0,0,0,0,out,0023118041445
2,3,10,5,5,7,7,5,10,5,5,9,5.6666666666667,5,9,5.6666666666667,5,1,0,no,0028118041255
3,3,10,10,5,10,10,5,10,10,5,10,10,5,10,10,5,1,0,no,0027118050774
3,3,10,5,5,10,5,5,10,5,5,10,5,5,10,5,5,1,0,no,0029118041581
3,3,10,5,7,10,7,7,10,5,7,10,5.6666666666667,7,10,5.6666666666667,7,1,0,no,0010118041450
3,3,5,7,7,10,5,7,10,5,7,8.3333333333333,5.6666666666667,7,8.3333333333333,5.6666666666667,7,0.92,0,no,0010118041261
3,3,10,10,5,10,10,5,10,10,5,10,10,5,10,10,5,1,0,no,0029118041670
3,3,10,10,5,10,10,5,10,10,5,10,10,5,10,10,5,1,0,no,0021118041309
3,3,5,10,5,10,7,5,10,7,5,8.3333333333333,8,5,8.3333333333333,8,5,1,0,no,0029118041196
3,2,0,0,0,10,10,5,10,10,5,10,10,5,6.6666666666667,6.6666666666667,3.3333333333333,1,0,no,0027118060599
3,2,0,0,0,10,10,5,10,10,5,10,10,5,6.6666666666667,6.6666666666667,3.3333333333333,1,0,no,0755118041200
3,3,10,5,10,10,5,10,10,5,10,10,5,10,10,5,10,1,0,no,0010118041276
3,3,10,7,7,10,7,7,10,7,7,10,7,7,10,7,7,1,0,no,0010118041559
3,3,10,10,5,10,10,5,10,10,5,10,10,5,10,10,5,1,0,no,0025118041202
3,2,0,0,0,10,7,5,10,7,5,10,7,5,6.6666666666667,4.6666666666667,3.3333333333333,1,0,no,0029118041575
3,3,10,10,5,10,10,5,10,10,5,10,10,5,10,10,5,0.01,0,no,0755118041384
3,2,0,0,0,10,7,5,10,5,5,10,6,5,6.6666666666667,4,3.3333333333333,0.01,0,no,0029118033904
3,2,10,10,5,10,10,5,0,0,0,10,10,5,6.6666666666667,6.6666666666667,3.3333333333333,1,0,no,0028118033889
3,3,10,7,5,10,7,5,10,7,5,10,7,5,10,7,5,1,0,no,0020118041213
3,3,10,10,5,10,10,5,10,10,5,10,10,5,10,10,5,1,0,no,0028118041332
3,3,10,7,7,10,7,7,10,7,7,10,7,7,10,7,7,1,0,no,0010118041220
3,3,10,7,5,10,7,5,10,10,5,10,8,5,10,8,5,1,0,no,0028118041314
3,3,10,5,10,10,5,5,10,5,5,10,5,6.6666666666667,10,5,6.6666666666667,1,0,no,0025118041460
3,3,10,10,7,10,10,10,10,10,7,10,10,8,10,10,8,1,0,no,0010118041296
3,3,10,10,5,10,10,5,10,10,5,10,10,5,10,10,5,1,0,no,0020118041342
3,3,10,5,5,10,5,5,10,5,5,10,5,5,10,5,5,1,0,no,0531118041414
3,3,10,10,10,10,10,10,10,7,10,10,9,10,10,9,10,1,0,no,0010118041297
3,3,10,10,5,10,10,5,10,10,5,10,10,5,10,10,5,1,0,no,0010118050806
3,3,10,5,5,10,10,5,10,10,5,10,8.3333333333333,5,10,8.3333333333333,5,1,0,no,0020118041244
3,3,10,7,5,10,7,5,10,7,5,10,7,5,10,7,5,1,0,no,0025118041225
3,3,10,7,7,7,7,7,10,7,7,9,7,7,9,7,7,1,0,no,0010118041337
3,2,7,7,5,10,10,5,0,0,0,8.5,8.5,5,5.6666666666667,5.6666666666667,3.3333333333333,0,0,no,0029118041227
3,3,7,10,5,2,10,5,2,10,5,3.6666666666667,10,5,3.6666666666667,10,5,1,0,no,0021118041268
3,3,10,10,5,10,10,5,10,10,5,10,10,5,10,10,5,0.9,0,no,0755118033901
3,3,10,10,5,10,10,5,10,10,5,10,10,5,10,10,5,1,0,no,0371118041355
3,3,7,5,5,10,5,5,10,5,10,9,5,6.6666666666667,9,5,6.6666666666667,1,0,no,0010118041290
3,3,10,5,7,10,5,7,10,5,7,10,5,7,10,5,7,1,0,no,0010118041263
3,3,7,7,5,10,7,5,7,10,5,8,8,5,8,8,5,1,0,no,0028118041251
3,3,10,5,5,10,5,7,10,5,5,10,5,5.6666666666667,10,5,5.6666666666667,0,0,no,0010118050848
3,3,10,5,10,10,5,10,10,5,10,10,5,10,10,5,10,1,0,no,0010118041608
3,2,10,10,5,0,0,0,7,10,5,8.5,10,5,5.6666666666667,6.6666666666667,3.3333333333333,0.01,0,no,0021118041311
2,3,10,7,5,10,7,5,10,7,5,10,7,5,10,7,5,1,0,no,0755118050790
3,3,10,10,5,10,10,5,10,10,5,10,10,5,10,10,5,1,0,no,0029118033873
3,3,10,0,5,10,10,5,10,10,5,10,6.6666666666667,5,10,6.6666666666667,5,0,0,no,0021118033875
3,3,7,10,5,10,10,5,10,10,5,9,10,5,9,10,5,1,0,no,0571118041248
1,0,0,0,0,0,0,0,0,0,0,0,0,0,0,0,0,1,0,no,0021118041252
3,3,10,5,10,10,5,7,7,5,10,9,5,9,9,5,9,1,0,no,0021118033908
3,3,10,5,5,10,5,5,10,5,5,10,5,5,10,5,5,0,0,no,0010118050809
3,3,10,10,10,10,10,10,10,10,10,10,10,10,10,10,10,1,0,no,0010118041318
2,3,10,10,5,5,10,5,10,10,5,8.3333333333333,10,5,8.3333333333333,10,5,1,0,no,0027118060706
3,3,10,5,5,10,5,5,10,5,5,10,5,5,10,5,5,1,0,no,0027118080008
3,3,10,5,5,10,5,5,10,7,7,10,5.6666666666667,5.6666666666667,10,5.6666666666667,5.6666666666667,1,0,no,0010118041368
3,3,10,10,5,10,10,5,10,10,5,10,10,5,10,10,5,0,0,out,0755118041391
2,2,0,0,0,10,5,7,10,5,7,10,5,7,6.6666666666667,3.3333333333333,4.6666666666667,1,0,no,0010118041324
3,3,10,5,5,10,7,5,10,5,5,10,5.6666666666667,5,10,5.6666666666667,5,1,0,no,0010118041336
3,3,7,5,5,2,5,5,10,10,5,6.3333333333333,6.6666666666667,5,6.3333333333333,6.6666666666667,5,1,0,no,0010118041352
3,3,10,10,7,10,10,7,7,7,7,9,9,7,9,9,7,1,0,no,0010118041413
3,3,5,10,5,10,10,5,10,10,5,8.3333333333333,10,5,8.3333333333333,10,5,1,0,no,0028118041304
3,3,10,10,7,10,7,7,10,10,7,10,9,7,10,9,7,1,0,no,0010118041873
3,3,10,10,5,10,10,5,10,10,5,10,10,5,10,10,5,1,0,no,0028118041291
3,3,10,10,5,7,10,5,10,10,5,9,10,5,9,10,5,1,0,no,0021118041393
3,2,7,10,5,7,10,5,0,0,0,7,10,5,4.6666666666667,6.6666666666667,3.3333333333333,1,0,no,0592118041365
3,3,10,10,10,10,10,10,10,10,10,10,10,10,10,10,10,1,0,no,0010118050835
3,3,10,10,5,10,10,5,10,10,5,10,10,5,10,10,5,1,0,no,0021118041390
3,3,10,10,7,10,10,7,10,7,7,10,9,7,10,9,7,0,0,no,0010118041555
3,3,10,5,10,10,5,10,10,5,10,10,5,10,10,5,10,1,0,no,0010118041735
3,3,10,10,7,7,10,7,7,10,7,8,10,7,8,10,7,0,0,no,0010118041401
3,3,10,10,5,10,10,5,10,10,5,10,10,5,10,10,5,1,0,no,0027118041348
3,3,10,10,5,10,10,5,10,10,5,10,10,5,10,10,5,1,0,no,0021118041451
1,0,0,0,0,0,0,0,0,0,0,0,0,0,0,0,0,1,0,no,0021118033897
3,3,10,10,5,10,10,5,10,10,5,10,10,5,10,10,5,1,0,no,0571118041386
3,3,10,5,5,10,5,5,10,2,5,10,4,5,10,4,5,0,0,no,0010118041350
3,3,10,5,7,10,5,10,10,5,10,10,5,9,10,5,9,1,0,no,0010118041357
3,3,10,5,7,10,5,7,10,5,7,10,5,7,10,5,7,1,0,no,0010118041495
3,3,10,10,10,10,10,10,10,10,10,10,10,10,10,10,10,0,0,no,0010118041366
3,3,7,10,5,7,10,5,7,10,5,7,10,5,7,10,5,1,0,no,0021118041395
3,3,10,5,10,10,5,10,10,5,10,10,5,10,10,5,10,1,0,no,0010118041440
3,3,10,10,5,10,10,5,10,10,5,10,10,5,10,10,5,1,0,no,0571118041508
3,2,10,10,10,10,10,10,0,0,0,10,10,10,6.6666666666667,6.6666666666667,6.6666666666667,1,0,no,0010118041400
3,3,7,5,7,10,5,7,10,5,7,9,5,7,9,5,7,0,0,no,0010118041963
3,3,10,10,5,10,10,5,10,10,5,10,10,5,10,10,5,1,0,no,0592118060676
3,3,5,10,5,10,10,5,10,10,5,8.3333333333333,10,5,8.3333333333333,10,5,1,0,no,0027118050888
3,3,10,10,5,10,7,5,10,10,5,10,9,5,10,9,5,1,0,no,0027118050948
3,3,10,10,5,10,10,5,10,10,5,10,10,5,10,10,5,0.01,0,no,0755118041372
3,3,10,10,5,10,10,5,10,10,5,10,10,5,10,10,5,1,0,no,0371118041411
3,3,10,5,5,7,5,5,7,5,5,8,5,5,8,5,5,0.56,0,no,0755118041437
3,3,10,10,5,10,10,5,10,10,5,10,10,5,10,10,5,0.01,0,no,0755118041383
3,3,10,10,5,10,10,5,7,10,5,9,10,5,9,10,5,1,0,no,0028118041387
3,3,10,7,5,10,5,5,7,5,5,9,5.6666666666667,5,9,5.6666666666667,5,1,0,no,0020118041593
2,3,10,10,5,10,10,5,10,10,5,10,10,5,10,10,5,1,0,no,0027118041447
2,2,0,0,0,10,5,7,10,5,7,10,5,7,6.6666666666667,3.3333333333333,4.6666666666667,1,0,no,0010118041534
3,3,10,10,5,10,10,5,10,10,5,10,10,5,10,10,5,1,0,no,0020118041666
3,3,10,7,5,10,7,5,10,7,5,10,7,5,10,7,5,1,0,no,0029118033898
3,3,10,7,5,10,7,5,10,7,7,10,7,5.6666666666667,10,7,5.6666666666667,1,0,no,0010118041433
3,3,10,5,10,10,5,10,10,5,10,10,5,10,10,5,10,1,0,no,0010118041415
3,3,10,10,10,10,10,10,10,10,10,10,10,10,10,10,10,1,0,no,0010118041403
3,3,10,10,5,10,10,5,10,10,5,10,10,5,10,10,5,1,0,no,0371118041709
2,3,10,5,10,10,5,10,10,5,10,10,5,10,10,5,10,0,0,no,0021118041458
3,3,10,10,5,10,10,5,10,10,5,10,10,5,10,10,5,1,0,no,0755118041911
3,3,7,7,5,7,5,5,7,7,7,7,6.3333333333333,5.6666666666667,7,6.3333333333333,5.6666666666667,1,0,no,0010118041452
3,3,10,10,5,10,10,5,10,10,5,10,10,5,10,10,5,1,0,no,0023118041410
3,3,10,10,5,10,10,5,10,10,5,10,10,5,10,10,5,1,0,no,0020118041597
2,3,7,10,5,10,10,5,10,10,5,9,10,5,9,10,5,1,0,no,0020118041871
3,3,10,5,5,10,5,5,7,5,5,9,5,5,9,5,5,1,0,no,0029118041869
3,3,10,5,5,10,7,7,10,5,5,10,5.6666666666667,5.6666666666667,10,5.6666666666667,5.6666666666667,1,0,no,0010118050904
3,3,10,10,5,5,10,5,10,10,5,8.3333333333333,10,5,8.3333333333333,10,5,1,0,no,0021118041431
3,3,10,10,5,10,10,5,10,10,5,10,10,5,10,10,5,0.17,0,no,0755118050973
3,3,10,10,5,10,10,5,10,10,5,10,10,5,10,10,5,1,0,no,0027118041448
1,0,0,0,0,0,0,0,0,0,0,0,0,0,0,0,0,0.01,0,no,0755118041557
3,3,10,10,5,10,10,5,10,10,5,10,10,5,10,10,5,0.9,0,no,0755118070067
3,3,10,7,5,10,7,5,10,7,5,10,7,5,10,7,5,1,0,no,0755118050970
3,3,10,10,5,10,10,5,10,10,5,10,10,5,10,10,5,1,0,no,0027118041488
3,3,10,10,5,10,10,5,10,10,5,10,10,5,10,10,5,1,0,no,0028118041529
3,2,0,0,0,10,10,5,7,7,5,8.5,8.5,5,5.6666666666667,5.6666666666667,3.3333333333333,1,0,no,0029118041588
3,2,0,0,0,10,7,5,10,5,5,10,6,5,6.6666666666667,4,3.3333333333333,1,0,no,0029118041841
3,3,10,10,5,10,7,5,7,5,5,9,7.3333333333333,5,9,7.3333333333333,5,1,0,no,0023118041926
3,3,7,10,7,2,7,7,2,7,7,3.6666666666667,8,7,3.6666666666667,8,7,1,0,no,0010118041435
3,3,10,7,5,10,10,5,7,10,5,9,9,5,9,9,5,1,0,no,0028118041436
3,3,10,5,5,10,5,5,10,5,5,10,5,5,10,5,5,1,0,no,0021118041754
3,3,10,10,5,10,10,5,10,10,5,10,10,5,10,10,5,0.9,0,no,0571118050915
3,3,7,10,5,7,10,5,7,10,5,7,10,5,7,10,5,1,0,no,0755118041483
3,3,2,10,10,10,10,10,7,10,10,6.3333333333333,10,10,6.3333333333333,10,10,1,0,no,0010118041472
3,3,10,5,10,10,5,10,10,5,10,10,5,10,10,5,10,1,0,no,0010118041467
3,3,10,10,5,10,10,5,7,10,5,9,10,5,9,10,5,1,0,no,0027118041461
3,3,10,10,5,10,10,5,10,10,5,10,10,5,10,10,5,1,0,no,0371118033918
3,3,10,5,5,10,10,5,10,10,5,10,8.3333333333333,5,10,8.3333333333333,5,1,0,no,0028118033914
3,3,10,10,5,5,10,5,10,10,5,8.3333333333333,10,5,8.3333333333333,10,5,0.01,0,no,0531118041498
3,3,10,10,5,10,10,5,10,10,5,10,10,5,10,10,5,1,0,no,0025118041459
3,3,10,7,7,5,7,7,10,7,7,8.3333333333333,7,7,8.3333333333333,7,7,0.01,0,no,0010118042040
3,3,10,10,5,10,10,5,10,10,5,10,10,5,10,10,5,1,0,no,0020118041531
3,3,10,10,5,10,10,5,10,10,5,10,10,5,10,10,5,1,0,no,0029118033913
3,3,10,10,5,7,7,5,10,10,5,9,9,5,9,9,5,1,0,no,0592118041706
3,3,7,10,5,7,10,5,7,10,5,7,10,5,7,10,5,1,0,no,0020118041485
3,3,7,10,5,7,10,5,7,10,5,7,10,5,7,10,5,0,0,no,0755118041786
3,3,10,10,5,10,10,5,10,10,5,10,10,5,10,10,5,1,0,no,0027118051024
1,3,7,10,5,2,10,5,2,10,5,3.6666666666667,10,5,3.6666666666667,10,5,1,0,no,0020118041546
3,3,7,10,5,7,10,5,7,10,5,7,10,5,7,10,5,1,0,no,0755118041484
3,3,5,7,5,10,7,5,10,5,5,8.3333333333333,6.3333333333333,5,8.3333333333333,6.3333333333333,5,0.56,0,no,0755118041501
3,3,10,5,10,10,5,10,10,5,10,10,5,10,10,5,10,1,0,no,0010118041549
3,3,7,10,5,7,10,5,7,10,5,7,10,5,7,10,5,0,0,no,0029118041634
3,3,10,7,5,7,7,5,7,10,5,8,8,5,8,8,5,1,0,no,0028118041492
3,3,10,10,5,10,10,5,10,10,5,10,10,5,10,10,5,1,0,no,0025118060913
3,3,10,7,5,10,10,5,10,10,5,10,9,5,10,9,5,1,0,no,0028118041502
2,2,0,0,0,5,5,7,10,5,7,7.5,5,7,5,3.3333333333333,4.6666666666667,1,0,no,0010118051034
3,3,10,10,5,10,10,5,10,10,5,10,10,5,10,10,5,1,0,no,0027118050951
1,0,0,0,0,0,0,0,0,0,0,0,0,0,0,0,0,0,0,no,0571118041715
3,3,10,7,5,10,10,5,10,10,5,10,9,5,10,9,5,1,0,no,0020118041655
3,3,10,10,5,10,10,5,10,10,5,10,10,5,10,10,5,1,0,no,0755118041509
3,3,10,5,5,2,10,5,2,10,5,4.6666666666667,8.3333333333333,5,4.6666666666667,8.3333333333333,5,1,0,no,0020118041514
3,3,10,10,5,10,10,5,10,10,5,10,10,5,10,10,5,1,0,no,0029118041520
3,3,10,10,5,10,10,5,10,10,5,10,10,5,10,10,5,1,0,no,0025118050963
3,3,7,10,5,10,7,5,10,5,5,9,7.3333333333333,5,9,7.3333333333333,5,1,0,no,0027118041578
3,3,7,10,5,10,10,5,10,10,5,9,10,5,9,10,5,1,0,no,0025118033911
3,3,10,5,10,10,5,5,10,5,10,10,5,8.3333333333333,10,5,8.3333333333333,0.01,0,no,0010118041566
3,3,10,10,5,10,7,5,10,7,5,10,8,5,10,8,5,1,0,no,0027118050971
3,3,10,10,10,10,10,10,10,10,7,10,10,9,10,10,9,1,0,no,0010118041906
3,3,10,10,5,10,10,5,10,10,5,10,10,5,10,10,5,0.01,0,no,0029118041973
3,3,10,10,5,10,10,5,10,10,5,10,10,5,10,10,5,1,0,no,0592118041579
3,2,0,0,0,10,5,5,10,5,5,10,5,5,6.6666666666667,3.3333333333333,3.3333333333333,1,0,no,0027118050980
3,3,10,5,10,10,5,10,10,5,10,10,5,10,10,5,10,1,0,no,0010118041798
3,3,7,5,7,10,5,5,10,7,5,9,5.6666666666667,5.6666666666667,9,5.6666666666667,5.6666666666667,0.28,0,no,0010118041538
3,3,10,10,5,10,7,5,10,7,5,10,8,5,10,8,5,1,0,no,0021118041663
3,3,5,10,5,5,10,5,5,10,5,5,10,5,5,10,5,1,0,no,0020118041654
3,3,10,10,5,10,10,5,10,10,5,10,10,5,10,10,5,1,0,no,0029118041532
3,3,10,10,5,10,10,5,10,10,5,10,10,5,10,10,5,1,0,no,0592118041573
3,3,10,5,10,10,5,10,10,5,10,10,5,10,10,5,10,0,0,no,0021118042023
2,3,10,10,5,10,10,5,2,10,5,7.3333333333333,10,5,7.3333333333333,10,5,1,0,no,0028118041544
3,1,0,0,0,0,0,0,10,10,5,10,10,5,3.3333333333333,3.3333333333333,1.6666666666667,1,0,no,0021118041558
3,3,10,7,7,7,7,7,10,7,7,9,7,7,9,7,7,1,0,no,0010118041541
3,3,10,5,5,10,5,5,10,7,5,10,5.6666666666667,5,10,5.6666666666667,5,1,0,no,0028118041638
3,3,7,10,5,7,10,7,7,10,7,7,10,6.3333333333333,7,10,6.3333333333333,0.28,0,no,0010118041539
3,3,10,5,10,10,5,10,10,5,10,10,5,10,10,5,10,1,0,no,0021118041652
3,3,10,10,5,10,10,5,2,10,5,7.3333333333333,10,5,7.3333333333333,10,5,1,0,no,0023118041554
3,3,10,5,5,7,5,5,7,7,5,8,5.6666666666667,5,8,5.6666666666667,5,1,0,no,0010118041616
3,3,10,7,5,5,10,5,10,10,5,8.3333333333333,9,5,8.3333333333333,9,5,1,0,no,0028118041583
3,3,10,5,10,10,5,10,10,5,10,10,5,10,10,5,10,1,0,no,0010118041587
3,3,7,5,2,7,5,2,10,5,5,8,5,3,8,5,3,0,0,no,0010118041629
3,3,10,7,5,7,7,5,2,7,5,6.3333333333333,7,5,6.3333333333333,7,5,0.56,0,no,0028118041562
2,2,0,0,0,10,5,5,10,5,7,10,5,6,6.6666666666667,3.3333333333333,4,0.01,0,no,0010118041864
3,3,10,5,7,10,5,7,10,5,7,10,5,7,10,5,7,1,0,no,0010118041574
3,2,0,0,0,10,7,5,10,10,5,10,8.5,5,6.6666666666667,5.6666666666667,3.3333333333333,1,0,no,0021118041958
3,3,10,7,5,10,10,5,7,10,5,9,9,5,9,9,5,1,0,no,0027118041596
3,3,10,10,5,10,10,5,10,10,5,10,10,5,10,10,5,0,0,no,0021118041727
3,3,10,10,5,10,10,5,10,10,5,10,10,5,10,10,5,1,1,no,0023118041656
3,3,10,5,5,10,5,5,10,5,5,10,5,5,10,5,5,0,0,no,0531118042015
3,3,10,10,5,10,10,5,10,10,5,10,10,5,10,10,5,1,0,no,0021118041690
3,3,10,7,5,7,10,5,7,10,5,8,9,5,8,9,5,1,0,no,0755118041808
3,3,10,10,5,10,10,5,10,10,5,10,10,5,10,10,5,1,0,no,0027118041677
3,3,10,10,5,10,10,5,10,10,5,10,10,5,10,10,5,1,0,no,0592118041633
3,3,10,10,5,5,10,5,5,10,5,6.6666666666667,10,5,6.6666666666667,10,5,1,0,no,0025118041818
3,3,10,10,10,10,10,10,10,10,10,10,10,10,10,10,10,0,0,no,0010118041595
3,3,10,10,5,10,10,5,10,10,5,10,10,5,10,10,5,1,0,no,0371118041734
3,3,10,10,5,10,10,5,10,10,5,10,10,5,10,10,5,0,0,no,0029118041619
3,3,10,10,5,10,10,5,10,10,5,10,10,5,10,10,5,1,0,no,0571118041622
3,3,7,7,5,10,7,5,7,7,5,8,7,5,8,7,5,1,0,no,0020118041611
3,3,10,10,5,10,10,5,10,10,5,10,10,5,10,10,5,1,0,no,0028118041618
3,3,10,5,5,10,2,5,10,7,5,10,4.6666666666667,5,10,4.6666666666667,5,1,0,no,0027118070066
3,3,10,5,7,10,5,7,10,5,7,10,5,7,10,5,7,1,0,no,0010118041632
3,3,10,10,5,10,10,5,10,10,5,10,10,5,10,10,5,1,0,no,0027118051026
3,2,10,5,10,10,5,10,0,0,0,10,5,10,6.6666666666667,3.3333333333333,6.6666666666667,1,0,no,0010118041675
2,3,10,10,5,10,10,5,10,10,5,10,10,5,10,10,5,0.92,0,no,0755118041902
1,0,0,0,0,0,0,0,0,0,0,0,0,0,0,0,0,0,0,out,0010118041674
3,3,10,5,10,10,5,10,10,5,10,10,5,10,10,5,10,1,0,no,0010118041750
3,3,7,10,5,10,10,5,10,10,5,9,10,5,9,10,5,0.01,0,no,0028118041799
3,3,10,5,10,10,5,10,10,5,10,10,5,10,10,5,10,1,0,no,0021118041781
3,3,10,10,10,10,10,10,10,10,7,10,10,9,10,10,9,1,0,no,0010118041664
3,3,7,10,5,7,10,5,2,10,5,5.3333333333333,10,5,5.3333333333333,10,5,1,0,no,0755118041795
3,3,10,5,10,10,5,10,10,5,10,10,5,10,10,5,10,1,0,no,0021118041837
3,3,10,5,10,10,5,10,10,5,10,10,5,10,10,5,10,1,0,no,0021118041938
3,3,2,10,5,2,10,5,7,10,5,3.6666666666667,10,5,3.6666666666667,10,5,1,0,no,0020118041931
2,3,10,5,5,10,5,7,10,5,7,10,5,6.3333333333333,10,5,6.3333333333333,1,0,no,0021118041642
3,3,10,10,5,7,10,5,7,7,5,8,9,5,8,9,5,1,0,no,0025118041711
3,3,10,10,5,10,10,5,10,10,5,10,10,5,10,10,5,1,0,no,0021118041756
3,3,10,7,5,7,10,5,7,7,5,8,8,5,8,8,5,1,0,no,0592118041683
3,3,10,5,10,10,5,10,10,5,10,10,5,10,10,5,10,0,0,no,0010118041650
3,3,10,10,5,10,10,5,10,10,5,10,10,5,10,10,5,1,0,no,0371118033926
3,3,10,5,10,7,5,10,10,5,10,9,5,10,9,5,10,1,0,no,0010118042002
0,0,0,0,0,0,0,0,0,0,0,0,0,0,0,0,0,1,0,no,0020118041643
3,3,10,7,5,10,10,5,10,10,5,10,9,5,10,9,5,1,0,no,0020118041645
3,3,10,10,5,10,10,5,10,10,5,10,10,5,10,10,5,1,0,no,0020118041644
3,3,7,10,7,7,7,5,10,7,5,8,8,5.6666666666667,8,8,5.6666666666667,0.01,0,no,0010118041726
3,3,10,10,7,5,10,7,7,10,5,7.3333333333333,10,6.3333333333333,7.3333333333333,10,6.3333333333333,1,0,no,0010118041648
3,3,10,5,10,10,5,10,10,5,10,10,5,10,10,5,10,1,0,no,0021118041651
2,3,10,5,10,10,5,10,10,5,10,10,5,10,10,5,10,1,0,no,0010118041679
3,3,10,5,10,10,5,10,10,5,10,10,5,10,10,5,10,1,0,no,0010118051050
3,3,5,10,10,0,10,7,0,10,10,1.6666666666667,10,9,1.6666666666667,10,9,0.01,0,no,0010118051184
3,3,10,10,5,7,7,5,7,10,5,8,9,5,8,9,5,1,0,no,0021118041980
3,3,10,10,5,7,10,5,7,10,5,8,10,5,8,10,5,1,0,no,0021118100011
3,3,10,10,5,10,10,5,10,10,5,10,10,5,10,10,5,0,0,no,0021118041800
3,3,10,7,7,7,7,5,10,7,5,9,7,5.6666666666667,9,7,5.6666666666667,0,0,no,0010118033922
3,3,10,5,10,10,5,7,10,5,7,10,5,8,10,5,8,0,0,no,0021118041834
3,3,10,5,5,10,7,5,10,5,5,10,5.6666666666667,5,10,5.6666666666667,5,0,0,no,0023118041703
3,2,0,0,0,7,7,5,10,7,5,8.5,7,5,5.6666666666667,4.6666666666667,3.3333333333333,1,0,no,0020118041717
3,3,10,10,5,10,10,5,10,10,5,10,10,5,10,10,5,1,0,no,0029118041744
3,3,10,7,5,10,7,5,10,7,5,10,7,5,10,7,5,1,0,no,0021118041796
3,3,10,5,10,10,5,10,10,5,10,10,5,10,10,5,10,1,0,no,0010118041758
3,2,7,7,7,0,0,0,7,7,7,7,7,7,4.6666666666667,4.6666666666667,4.6666666666667,1,0,no,0010118041939
3,3,10,7,5,10,7,5,10,7,5,10,7,5,10,7,5,1,0,no,0029118041819
3,3,10,5,7,10,5,5,10,5,5,10,5,5.6666666666667,10,5,5.6666666666667,1,0,no,0010118041745
3,3,10,10,5,10,10,5,10,10,5,10,10,5,10,10,5,1,0,no,0025118041718
3,3,10,10,5,10,10,5,10,10,5,10,10,5,10,10,5,1,0,no,0371118033925
3,3,10,5,10,10,5,10,10,5,10,10,5,10,10,5,10,1,0,no,0010118041720
2,2,0,0,0,10,5,7,10,5,7,10,5,7,6.6666666666667,3.3333333333333,4.6666666666667,1,0,no,0010118041917
3,3,10,5,5,10,10,5,10,10,5,10,8.3333333333333,5,10,8.3333333333333,5,1,0,no,0021118041716
3,3,7,7,5,10,7,5,10,7,5,9,7,5,9,7,5,1,0,no,0029118041713
3,3,10,10,5,7,10,5,7,10,5,8,10,5,8,10,5,1,0,no,0020118051176
3,3,10,10,10,10,10,10,10,10,7,10,10,9,10,10,9,1,0,no,0010118041733
3,3,10,5,5,10,7,5,10,5,5,10,5.6666666666667,5,10,5.6666666666667,5,1,0,no,0028118041723
3,3,10,7,5,10,10,5,10,10,5,10,9,5,10,9,5,1,0,no,0028118041953
3,3,10,10,5,10,7,5,10,7,5,10,8,5,10,8,5,1,0,no,0027118041730
3,3,2,10,10,10,5,5,10,10,10,7.3333333333333,8.3333333333333,8.3333333333333,7.3333333333333,8.3333333333333,8.3333333333333,1,0,no,0010118051089
3,3,10,10,5,10,10,5,10,10,5,10,10,5,10,10,5,1,0,no,0027118041757
2,2,0,0,0,10,5,5,10,5,5,10,5,5,6.6666666666667,3.3333333333333,3.3333333333333,1,0,no,0027118041747
3,3,10,10,10,10,10,10,10,10,10,10,10,10,10,10,10,1,0,no,0021118041820
3,3,10,10,5,10,10,5,10,10,5,10,10,5,10,10,5,1,0,no,0025118042005
3,2,0,0,0,10,10,5,10,10,5,10,10,5,6.6666666666667,6.6666666666667,3.3333333333333,1,0,no,0027118041773
3,3,10,10,10,10,10,10,10,10,10,10,10,10,10,10,10,0,0,no,0010118041943
3,3,10,7,7,10,5,5,10,5,5,10,5.6666666666667,5.6666666666667,10,5.6666666666667,5.6666666666667,1,0,no,0010118041779
3,3,10,5,10,10,5,10,10,5,10,10,5,10,10,5,10,1,0,no,0010118042003
3,3,10,7,5,10,7,5,10,10,5,10,8,5,10,8,5,1,0,no,0029118041792
2,2,0,0,0,10,5,7,10,5,7,10,5,7,6.6666666666667,3.3333333333333,4.6666666666667,0.01,0,no,0010118041887
3,3,10,10,5,10,10,5,10,10,5,10,10,5,10,10,5,1,0,no,0025118041882
3,3,7,10,5,10,10,10,10,10,10,9,10,8.3333333333333,9,10,8.3333333333333,0.01,0,no,0010118042001
3,3,10,10,7,7,10,7,10,10,7,9,10,7,9,10,7,0.92,0,no,0010118051127
3,3,10,10,5,10,10,5,10,10,5,10,10,5,10,10,5,0,0,out,0531118041993
3,3,7,10,5,10,10,5,10,10,5,9,10,5,9,10,5,1,0,no,0029118041936
2,2,0,0,0,10,5,7,10,5,7,10,5,7,6.6666666666667,3.3333333333333,4.6666666666667,1,0,no,0010118041928
3,3,10,10,10,10,10,10,10,10,10,10,10,10,10,10,10,1,0,no,0010118041853
3,3,10,10,5,10,7,5,10,7,5,10,8,5,10,8,5,1,0,no,0592118041804
3,3,10,10,7,7,10,7,10,10,7,9,10,7,9,10,7,1,0,no,0010118041848
3,3,10,10,5,5,10,5,10,10,5,8.3333333333333,10,5,8.3333333333333,10,5,1,0,no,0028118041937
3,3,7,10,5,7,10,5,10,10,5,8,10,5,8,10,5,1,0,no,0371118041866
3,3,10,5,5,10,7,5,10,7,5,10,6.3333333333333,5,10,6.3333333333333,5,1,0,no,0029118051177
3,3,10,5,5,10,5,5,10,5,5,10,5,5,10,5,5,0,0,drop,0021118041899
3,3,10,5,7,10,5,7,10,5,10,10,5,8,10,5,8,1,0,no,0010118041854
3,3,10,5,10,2,5,10,2,5,10,4.6666666666667,5,10,4.6666666666667,5,10,1,0,no,0010118041874
2,3,10,7,5,7,10,5,10,7,5,9,8,5,9,8,5,1,0,no,0027118041875
3,3,10,10,10,10,10,10,10,10,10,10,10,10,10,10,10,1,0,no,0010118041861
3,3,10,10,5,10,10,5,10,10,5,10,10,5,10,10,5,1,0,no,0027118041865
3,3,10,7,5,10,10,5,10,10,5,10,9,5,10,9,5,1,0,no,0028118041878
3,2,0,0,0,2,5,5,10,10,5,6,7.5,5,4,5,3.3333333333333,0,0,no,0027118041979
3,3,7,10,5,10,10,5,10,10,5,9,10,5,9,10,5,1,0,no,0025118041893
3,3,7,10,5,10,10,5,10,10,5,9,10,5,9,10,5,1,0,no,0028118041890
3,3,10,5,10,10,5,7,10,5,10,10,5,9,10,5,9,0.11,0,no,0010118041912
3,3,10,5,10,10,5,10,10,5,10,10,5,10,10,5,10,1,0,no,0021118042036
2,1,10,5,5,0,0,0,0,0,0,10,5,5,3.3333333333333,1.6666666666667,1.6666666666667,0.01,0,no,0010118041933
2,2,0,0,0,10,5,7,10,5,5,10,5,6,6.6666666666667,3.3333333333333,4,0.01,0,no,0010118051200
3,3,10,10,5,10,10,5,10,10,5,10,10,5,10,10,5,1,0,no,0028118041900
3,3,2,5,5,10,5,5,10,5,7,7.3333333333333,5,5.6666666666667,7.3333333333333,5,5.6666666666667,0,0,no,0010118041910
3,3,10,10,10,10,7,7,7,7,7,9,8,8,9,8,8,1,0,no,0010118041948
3,2,0,0,0,10,10,10,10,10,10,10,10,10,6.6666666666667,6.6666666666667,6.6666666666667,0.01,0,no,0010118041955
3,2,10,5,10,10,5,10,0,0,0,10,5,10,6.6666666666667,3.3333333333333,6.6666666666667,0.01,0,no,0010118041924
3,3,10,5,10,10,5,10,10,5,10,10,5,10,10,5,10,0,0,no,0021118041942
3,3,10,10,10,10,10,10,10,10,10,10,10,10,10,10,10,1,0,no,0010118041927
3,3,10,2,5,7,7,5,10,7,5,9,5.3333333333333,5,9,5.3333333333333,5,1,0,no,0755118041930
3,3,10,10,10,10,10,10,10,10,10,10,10,10,10,10,10,1,0,no,0010118041952
3,3,10,10,10,10,10,7,10,7,7,10,9,8,10,9,8,0,0,out,0010118041967
3,3,10,7,5,10,10,5,10,10,5,10,9,5,10,9,5,0,0,no,0021118041984
3,3,10,5,10,7,5,10,10,5,10,9,5,10,9,5,10,1,0,no,0021118041946
3,3,10,10,10,10,10,10,10,10,10,10,10,10,10,10,10,1,0,no,0010118041962
3,3,0,0,0,2,10,5,2,10,5,2,10,5,1.3333333333333,6.6666666666667,3.3333333333333,1,0,no,0027118042010
3,3,10,7,5,7,10,5,10,7,5,9,8,5,9,8,5,0,0,no,0027118042030
3,3,10,7,5,10,7,5,10,5,5,10,6.3333333333333,5,10,6.3333333333333,5,1,0,no,0027118041988
3,3,10,10,5,7,10,5,7,10,5,8,10,5,8,10,5,1,0,no,0020118042012
3,3,7,5,7,10,5,7,10,5,7,9,5,7,9,5,7,0.01,0,no,0010118042019
3,2,10,7,5,10,10,5,0,0,0,10,8.5,5,6.6666666666667,5.6666666666667,3.3333333333333,0.01,0,no,0021118042022
3,3,10,5,7,10,5,7,5,5,5,8.3333333333333,5,6.3333333333333,8.3333333333333,5,6.3333333333333,0,0,no,0021118042031
3,3,10,7,7,10,10,10,10,10,10,10,9,9,10,9,9,0.01,0,no,0010118042041
